67922
65459
64073
64019
64378
64627
63650
62196
60709
59537
58123
55760
53719
51851
49558
47139
45395
43177
40710
38363
36097
34339
32039
29896
28361
26474
25021
23617
22217
21293
20202
18809
17912
17036
16336
15605
14871
14538
13818
13351
12718
12452
12015
11535
11250
10893
10490
10047
9858
9385
9050
8847
8724
8452
8103
7999
7716
7376
7138
6830
6753
6561
6255
6421
6082
6140
5877
5905
5544
5624
5554
5525
5534
5452
5375
5231
5226
5115
4864
4691
4643
4830
4682
4744
4598
4473
4395
4365
4302
4152
4111
4103
4057
3969
3855
3886
3961
3888
3942
3851
3892
3937
3886
3861
3770
3862
3736
3716
3645
3697
3622
3642
3571
3556
3553
3454
3539
3492
3454
3343
3355
3465
3450
3459
3334
3318
3343
3340
3317
3336
3304
3284
3179
3118
3114
3123
3108
3076
3120
3102
3158
3150
3090
3144
3097
3014
2957
2959
2906
2967
2907
2938
3011
2964
2846
2926
2931
2911
2851
2946
2905
2950
2930
2866
2831
2767
2813
2873
2843
2813
2869
2797
2791
2798
2757
2759
2681
2728
2703
2810
2894
2729
2757
2754
2774
2645
2791
2745
2679
2844
2801
2676
2763
2721
2664
2698
2797
2721
2761
2673
2723
2632
2640
2725
2672
2645
2593
2605
2589
2581
2518
2552
2589
2639
2572
2512
2514
2604
2540
2550
2534
2546
2527
2465
2460
2470
2556
2464
2465
2453
2486
2477
2510
2539
2517
2529
2510
2514
2517
2538
2459
2535
2562
2571
2463
2427
2496
2464
2492
2522
2491
2522
2486
2474
2480
2501
2495
2486
2433
2474
2431
2427
2452
2404
2456
2447
2433
2357
2353
2402
2398
2440
2412
2399
2408
2434
2410
2452
2500
2533
2576
2536
2459
2515
2425
2394
2460
2499
2510
2571
2531
2498
2422
2435
2492
2520
2539
2481
2485
2384
2444
2454
2463
2431
2445
2533
2553
2529
2489
2463
2450
2415
2461
2426
2417
2397
2314
2347
2398
2399
2381
2398
2366
2435
2394
2405
2427
2433
2464
2471
2430
2395
2365
2398
2362
2368
2423
2375
2377
2386
2359
2322
2364
2381
2387
2416
2339
2398
2386
2323
2356
2321
2397
2347
2289
2330
2436
2405
2411
2379
2434
2395
2368
2348
2353
2330
2325
2366
2312
2366
2353
2352
2332
2357
2302
2344
2347
2367
2396
2436
2366
2464
2397
2397
2373
2377
2324
2315
2387
2404
2344
2300
2332
2339
2314
2350
2315
2391
2423
2397
2439
2338
2351
2417
2427
2424
2392
2413
2472
2292
2296
2330
2364
2415
2439
2366
2371
2319
2306
2306
2358
2377
2299
2357
2341
2285
2340
2276
2370
2293
2318
2386
2314
2268
2323
2329
2327
2312
2227
2272
2284
2267
2296
2255
2201
2252
2213
2278
2268
2218
2234
2256
2262
2196
2217
2136
2173
2162
2207
2185
2218
2257
2186
2172
2189
2207
2220
2204
2251
2247
2196
2302
2281
2305
2346
2293
2305
2259
2274
2306
2294
2240
2194
2222
2239
2190
2247
2176
2119
2158
2153
2215
2196
2176
2186
2206
2213
2210
2204
2145
2171
2200
2078
2165
2153
2217
2192
2092
2114
2116
2181
2191
2137
2100
2204
2167
2219
2196
2234
2230
2270
2210
2233
2270
2222
2254
2195
2236
2182
2158
2154
2167
2128
2122
2140
2187
2193
2191
2181
2176
2160
2152
2125
2142
2160
2145
2174
2219
2230
2155
2187
2172
2126
2115
2129
2138
2175
2236
2145
2140
2109
2151
2178
2241
2220
2231
2179
2179
2147
2164
2100
2204
2146
2123
2096
2143
2131
2150
2147
2143
2164
2140
2103
2102
2077
2109
2118
2154
2075
2095
2152
2105
2059
2055
2095
2080
2096
2123
2046
2114
2072
2079
2103
2094
2137
2081
2115
2102
1975
2014
1985
2004
2017
2048
2014
2118
2094
2063
2007
2113
2100
2172
2076
2131
2095
2091
2129
2146
2118
2138
2212
2108
2105
2040
2169
2124
2079
2059
2039
2128
2078
2051
2071
2081
2050
2047
2074
2076
2090
2052
2000
1951
1973
2046
2070
2028
2029
2026
2032
2073
2076
2011
1970
1990
1997
2017
2013
2057
2029
2036
1996
2077
2017
2026
2071
2061
2072
2044
1966
2058
2069
2029
2035
2035
1996
2040
2009
2052
2044
2060
2062
2082
2118
2069
2074
2053
2065
2035
2007
2113
2045
2100
2049
2113
2072
2087
2014
1986
1959
1955
1941
1953
2038
2033
1977
1988
2072
2082
1960
1995
1959
2046
2015
1984
1998
1999
1982
1944
1992
1978
1974
1981
2007
2070
2056
1996
1961
1968
1996
2039
2034
2039
2025
2039
2041
1917
2013
1996
2081
2047
2003
1942
1965
1886
1902
1966
1940
1949
1936
1959
1915
1894
1909
2029
2007
1956
1928
1911
2008
2062
2031
2114
2063
2034
2070
2117
2105
2042
2059
2074
2033
2070
2028
2042
2017
2003
1978
1917
1949
1948
1929
1976
1885
1922
1911
1955
1972
1948
2012
2012
1959
1997
2017
2002
2030
2036
1968
2085
2001
2044
2041
1992
2019
2040
1968
2046
2013
1947
2004
1979
2019
2021
1978
1964
1924
1991
2062
1937
1970
1944
1957
1954
1974
1959
1995
1982
1983
2028
1954
1996
2062
2103
2032
2021
2009
2005
1998
2016
1956
1972
2000
1975
2007
1986
2017
1999
2010
2010
1964
2003
2003
2034
2066
2103
2006
2028
2068
2067
2061
2079
1989
1968
1989
1982
1991
1959
1950
1982
1902
1956
2012
1982
2032
2042
1976
2057
1993
2008
1996
2025
2034
2057
2023
2026
2071
2077
2045
1994
1969
2020
2022
1981
1986
2072
2018
1944
1934
1880
1937
1962
1951
1940
2060
1938
2001
1960
1982
1934
1950
2022
2019
2029
1975
1966
1979
1998
2038
2034
2000
1989
1990
2011
1964
2027
1971
2016
2007
2004
2052
2040
2049
1977
2010
2033
2012
2037
2090
2002
2104
2021
2074
2041
2105
2063
2100
2079
2071
2101
2099
2115
2098
2162
2182
2159
2136
2133
2157
2089
2163
2117
2138
2023
2050
2105
2082
2068
2044
2054
2099
2037
2117
2036
2046
2000
2045
2001
2016
2023
1950
1967
1961
2095
2049
2014
2025
2002
1980
1965
1956
1988
1954
2037
1969
2035
1984
1975
2095
2021
1998
2018
2056
2043
2042
2057
2113
2072
2053
2056
2077
2026
2072
2103
2094
2034
2075
2052
2029
2018
1974
1991
2013
2027
1992
1965
2048
2039
1998
1983
1971
1939
1909
1874
1935
1943
1924
1911
1923
1982
1997
2003
1967
1967
1931
1998
1982
1957
1965
2029
1941
1982
2050
2048
2042
2064
1987
2080
2015
1998
1969
2000
2063
2000
2065
2038
2043
1975
1997
1974
1989
1975
2021
1998
2005
2010
2026
1993
2051
2033
2005
2031
1974
1963
1994
2068
2037
2066
2047
2028
1970
1977
1986
1972
1922
1968
1968
1928
1955
2045
2029
2042
2071
1977
2023
1968
1942
1900
1955
1944
1899
1999
1958
1920
1929
1944
1951
1884
1886
1983
1961
1974
1929
2005
1998
1995
1903
1967
1895
1918
1904
1968
1945
1962
1990
1847
1866
1899
1883
1810
1840
1849
1809
1829
1825
1874
1839
1920
1933
1913
1942
1885
1896
1879
1837
1840
1833
1869
1856
1848
1825
1852
1865
1855
1823
1849
1904
1879
1827
1829
1808
1783
1815
1825
1817
1851
1872
1881
1763
1796
1825
1946
1894
1883
1946
1867
1958
1912
1899
1938
1923
1952
1973
1939
1875
1927
1916
1889
2025
1968
1921
1908
2002
1969
1998
1932
1973
2011
2030
1987
1922
1895
1959
1931
1921
1948
1927
1965
1962
1937
1930
1894
1931
1856
1870
1924
1867
1856
1799
1874
1854
1830
1841
1823
1793
1824
1860
1854
1845
1793
1860
1956
1914
1968
1979
1945
1890
1951
1981
1989
1985
1991
2005
1948
1951
2000
1912
1969
1915
1952
1902
1851
1902
1932
1897
1880
1908
1897
1898
1880
1864
1901
1887
1910
1908
1883
1873
1854
1981
1985
1927
1983
1989
1958
1904
1887
1978
1973
1920
1983
1975
2007
2007
2018
2000
1985
1954
1992
1949
1957
1955
1946
1905
1971
1923
1808
1812
1795
1741
1850
1921
1860
1906
1884
1938
1939
1946
1940
1883
1858
1914
1876
1835
1862
1845
1840
1906
1858
1776
1808
1848
1827
1870
1800
1752
1773
1821
1885
1836
1861
1886
1884
1869
1853
1889
1889
1845
1922
1850
1840
1865
1877
1834
1845
1865
1872
1856
1840
1844
1819
1832
1793
1811
1836
1779
1746
1787
1799
1808
1702
1732
1795
1797
1716
1828
1861
1831
1827
1744
1777
1816
1745
1789
1774
1774
1721
1830
1773
1774
1818
1835
1823
1778
1800
1837
1824
1801
1789
1784
1853
1925
1822
1849
1794
1786
1881
1917
1869
1940
1894
1817
1800
1817
1845
1795
1830
1816
1807
1746
1830
1822
1794
1787
1779
1823
1828
1832
1801
1836
1798
1828
1864
1777
1797
1758
1791
1823
1786
1793
1815
1807
1854
1801
1893
1854
1821
1787
1863
1852
1814
1773
1760
1806
1891
1808
1724
1754
1805
1810
1887
1868
1871
1877
1872
1894
1872
1850
1924
1887
1914
1984
1844
1855
1835
1842
1834
1838
1813
1807
1774
1820
1870
1840
1805
1836
1841
1872
1909
1960
1882
1909
1896
1933
1899
1960
1863
1873
1874
1901
1933
1874
1884
1887
1985
1899
1919
1895
1907
1889
1884
1908
1874
1887
1904
1903
1836
1866
1836
1848
1896
1807
1828
1838
1892
1841
1828
1863
1813
1896
1922
1864
1805
1836
1847
1844
1836
1845
1780
1838
1828
1799
1790
1733
1825
1814
1811
1920
1857
1863
1788
1869
1882
1796
1814
1856
1846
1833
1817
1801
1835
1810
1828
1784
1821
1812
1827
1879
1825
1837
1846
1870
1843
1837
1832
1835
1875
1868
1787
1810
1895
1907
1907
1969
1909
1899
1835
1817
1867
1897
1899
1889
1859
1827
1790
1843
1862
1873
1894
1912
1876
1853
1837
1819
1852
1828
1868
1812
1808
1873
1836
1843
1840
1885
1835
1820
1859
1751
1797
1837
1863
1836
1800
1751
1772
1770
1838
1744
1802
1836
1897
1786
1774
1802
1737
1814
1840
1813
1745
1818
1889
1840
1864
1812
1747
1821
1826
1812
1816
1760
1823
1856
1860
1914
1967
1904
1826
1887
1954
1967
1892
1902
1893
1945
1944
1878
1834
1820
1879
1833
1909
1889
1976
1846
1844
1859
1905
1818
1880
1869
1912
1840
1865
1906
1894
1914
1916
1907
1908
1864
1867
1849
1811
1866
1928
1936
1876
1820
1923
1908
1856
1836
1934
1906
1825
1810
1872
1882
1913
1905
1891
1912
1878
1840
1874
1791
1821
1816
1818
1835
1929
1795
1835
1889
1851
1880
1832
1832
1772
1866
1852
1779
1818
1862
1875
1839
1839
1836
1889
1875
1896
1860
1805
1880
1914
1904
1934
1904
1921
1843
1966
1874
1903
1891
1901
1883
1906
1883
1891
1795
1857
1880
1852
1865
1824
1778
1809
1762
1750
1812
1752
1795
1785
1744
1738
1776
1793
1717
1789
1799
1826
1819
1816
1849
1887
1828
1751
1782
1862
1756
1781
1759
1815
1742
1761
1793
1817
1762
1768
1735
1764
1813
1842
1801
1804
1731
1776
1734
1797
1841
1832
1774
1809
1776
1780
1795
1773
1819
1839
1760
1795
1867
1782
1801
1812
1811
1776
1724
1740
1657
1763
1791
1750
1817
1761
1802
1790
1784
1721
1767
1785
1771
1782
1875
1821
1904
1786
1818
1751
1856
1815
1753
1782
1853
1829
1866
1901
1798
1765
1790
1824
1800
1764
1789
1802
1757
1776
1818
1778
1804
1799
1804
1817
1824
1789
1818
1756
1821
1811
1795
1788
1837
1820
1738
1788
1732
1759
1749
1791
1753
1751
1752
1793
1750
1773
1777
1768
1835
1705
1743
1697
1731
1812
1791
1828
1860
1867
1791
1782
1744
1782
1782
1820
1801
1828
1788
1821
1749
1777
1753
1826
1720
1751
1748
1765
1756
1785
1784
1768
1759
1680
1739
1780
1801
1720
1733
1717
1697
1754
1698
1702
1661
1718
1800
1742
1785
1766
1763
1732
1792
1785
1766
1759
1739
1710
1685
1741
1671
1782
1756
1705
1655
1639
1666
1681
1666
1701
1631
1570
1657
1658
1714
1736
1689
1646
1688
1642
1716
1684
1631
1643
1596
1562
1633
1607
1661
1640
1630
1661
1584
1604
1552
1622
1640
1698
1661
1626
1709
1719
1655
1721
1662
1685
1715
1637
1663
1732
1724
1651
1716
1711
1627
1616
1683
1663
1643
1722
1682
1689
1743
1721
1757
1732
1671
1679
1657
1688
1636
1647
1690
1620
1661
1679
1687
1686
1663
1745
1711
1640
1617
1644
1685
1658
1660
1703
1701
1749
1736
1665
1663
1672
1753
1719
1680
1742
1718
1741
1668
1691
1775
1762
1671
1750
1666
1726
1718
1709
1719
1770
1718
1720
1782
1696
1714
1746
1758
1731
1914
1878
1789
1808
1828
1748
1723
1705
1698
1657
1756
1685
1662
1713
1768
1792
1705
1713
1621
1699
1716
1704
1804
1767
1739
1699
1711
1758
1696
1760
1762
1731
1735
1802
1811
1785
1793
1784
1764
1780
1717
1729
1798
1800
1776
1814
1781
1669
1697
1728
1753
1778
1726
1718
1705
1684
1707
1694
1759
1775
1742
1688
1709
1714
1779
1757
1790
1750
1733
1737
1731
1760
1749
1763
1787
1778
1723
1724
1768
1676
1738
1696
1785
1715
1777
1762
1782
1811
1825
1849
1756
1790
1747
1752
1790
1770
1795
1792
1741
1773
1757
1761
1735
1776
1763
1765
1808
1777
1790
1768
1826
1824
1784
1770
1790
1829
1802
1800
1779
1776
1803
1746
1772
1799
1828
1789
1814
1799
1766
1873
1839
1842
1795
1780
1822
1790
1819
1842
1829
1744
1770
1753
1719
1714
1782
1794
1764
1788
1765
1731
1711
1834
1862
1779
1751
1701
1741
1766
1753
1811
1792
1717
1690
1693
1716
1733
1701
1720
1801
1807
1777
1713
1698
1729
1726
1735
1777
1761
1795
1741
1765
1819
1759
1772
1796
1799
1802
1740
1742
1780
1714
1811
1769
1758
1760
1804
1780
1647
1727
1714
1677
1717
1663
1732
1709
1702
1742
1712
1720
1700
1705
1723
1677
1734
1708
1659
1676
1691
1674
1738
1809
1813
1687
1717
1715
1786
1791
1783
1756
1779
1786
1765
1758
1720
1741
1757
1747
1744
1796
1834
1778
1759
1702
1775
1742
1715
1721
1645
1684
1651
1694
1654
1704
1677
1649
1599
1567
1551
1638
1605
1676
1602
1548
1586
1633
1643
1594
1662
1657
1622
1583
1553
1590
1604
1631
1600
1647
1635
1683
1609
1598
1629
1627
1574
1675
1640
1693
1687
1609
1630
1643
1675
1694
1646
1618
1637
1625
1658
1619
1599
1654
1637
1717
1624
1653
1679
1562
1585
1582
1604
1575
1526
1563
1606
1619
1595
1644
1586
1571
1576
1551
1595
1602
1540
1547
1579
1625
1631
1567
1557
1523
1515
1559
1523
1526
1491
1492
1498
1478
1523
1662
1644
1564
1628
1563
1602
1607
1637
1618
1623
1638
1656
1593
1586
1615
1624
1688
1674
1586
1641
1720
1669
1637
1621
1600
1648
1606
1648
1566
1569
1565
1579
1574
1554
1519
1570
1560
1545
1548
1550
1589
1600
1615
1600
1588
1600
1584
1626
1609
1623
1604
1636
1657
1668
1593
1577
1528
1565
1571
1555
1579
1597
1657
1653
1605
1631
1647
1577
1600
1593
1592
1590
1554
1603
1575
1520
1628
1613
1607
1609
1556
1557
1613
1605
1586
1574
1579
1558
1568
1569
1583
1540
1607
1599
1592
1644
1650
1680
1660
1657
1663
1659
1693
1686
1656
1646
1631
1604
1555
1540
1555
1572
1637
1624
1605
1665
1543
1506
1560
1542
1519
1545
1570
1580
1549
1563
1560
1592
1590
1538
1569
1546
1576
1516
1531
1527
1566
1621
1592
1565
1489
1538
1522
1560
1574
1608
1605
1560
1573
1563
1565
1576
1558
1509
1525
1547
1573
1532
1586
1563
1572
1539
1578
1553
1553
1552
1568
1563
1588
1590
1574
1617
1589
1625
1635
1618
1612
1621
1636
1650
1587
1568
1637
1636
1576
1614
1633
1631
1517
1543
1576
1592
1618
1630
1555
1604
1520
1517
1555
1578
1569
1558
1586
1644
1587
1550
1580
1592
1531
1585
1573
1624
1611
1645
1588
1604
1603
1593
1644
1612
1622
1647
1637
1575
1535
1510
1522
1550
1528
1461
1460
1465
1430
1458
1435
1467
1511
1563
1506
1469
1417
1492
1482
1497
1479
1551
1523
1485
1516
1499
1489
1506
1583
1571
1600
1552
1583
1614
1539
1554
1543
1463
1513
1504
1516
1507
1494
1486
1481
1472
1479
1410
1438
1419
1384
1445
1463
1485
1435
1486
1524
1504
1435
1518
1451
1406
1420
1451
1471
1492
1528
1540
1540
1556
1518
1473
1482
1540
1491
1457
1445
1490
1499
1468
1544
1558
1520
1491
1517
1445
1487
1478
1490
1423
1455
1452
1479
1480
1445
1457
1503
1509
1493
1497
1467
1514
1508
1506
1579
1505
1483
1547
1601
1511
1537
1575
1586
1607
1582
1589
1589
1576
1592
1604
1570
1625
1640
1692
1623
1599
1623
1630
1630
1605
1656
1625
1624
1529
1618
1674
1629
1552
1561
1631
1613
1626
1641
1614
1622
1623
1577
1614
1621
1651
1624
1552
1579
1657
1596
1583
1568
1605
1558
1624
1614
1568
1561
1580
1526
1553
1596
1568
1626
1622
1569
1469
1529
1515
1510
1549
1542
1454
1433
1504
1554
1592
1547
1543
1542
1570
1517
1507
1514
1499
1545
1537
1499
1505
1546
1595
1522
1530
1585
1563
1594
1615
1545
1534
1525
1506
1536
1551
1518
1536
1557
1520
1529
1571
1566
1547
1525
1571
1572
1497
1577
1539
1549
1546
1587
1558
1539
1536
1555
1561
1546
1565
1549
1590
1580
1516
1549
1584
1652
1592
1601
1566
1635
1644
1565
1565
1607
1553
1557
1548
1500
1555
1511
1500
1572
1514
1579
1550
1499
1535
1512
1526
1571
1543
1555
1580
1577
1587
1601
1600
1548
1572
1575
1581
1627
1596
1601
1626
1583
1574
1566
1544
1636
1624
1647
1569
1573
1555
1573
1562
1548
1540
1608
1576
1546
1564
1573
1632
1608
1611
1607
1591
1614
1591
1573
1542
1571
1509
1519
1552
1563
1567
1592
1545
1533
1529
1522
1575
1521
1537
1502
1577
1533
1524
1529
1569
1600
1629
1611
1606
1577
1544
1544
1560
1597
1561
1598
1593
1583
1561
1661
1665
1648
1613
1618
1665
1649
1638
1602
1570
1611
1572
1551
1582
1603
1559
1592
1528
1552
1606
1584
1621
1586
1573
1599
1618
1552
1581
1583
1654
1652
1638
1605
1566
1614
1596
1618
1579
1607
1646
1597
1600
1620
1618
1631
1671
1604
1603
1664
1586
1578
1600
1583
1628
1575
1618
1587
1601
1570
1564
1610
1592
1624
1576
1564
1611
1605
1574
1598
1646
1611
1639
1631
1686
1695
1707
1668
1652
1652
1645
1603
1653
1654
1643
1696
1711
1632
1665
1623
1695
1671
1702
1732
1709
1692
1706
1737
1725
1720
1728
1728
1664
1683
1624
1660
1640
1660
1663
1635
1611
1691
1648
1660
1711
1760
1705
1704
1634
1623
1617
1651
1617
1637
1623
1615
1619
1652
1615
1638
1572
1612
1647
1656
1675
1641
1632
1599
1639
1630
1622
1635
1582
1587
1633
1591
1561
1560
1533
1594
1555
1598
1539
1550
1639
1636
1578
1589
1601
1591
1607
1584
1587
1603
1552
1557
1568
1545
1570
1638
1573
1606
1539
1547
1593
1585
1609
1624
1668
1633
1578
1570
1559
1543
1611
1558
1673
1577
1625
1561
1599
1612
1614
1608
1553
1615
1633
1655
1708
1659
1612
1635
1648
1683
1625
1585
1623
1644
1568
1511
1539
1596
1655
1583
1544
1593
1578
1660
1624
1633
1594
1604
1600
1584
1538
1639
1634
1565
1626
1589
1571
1577
1526
1548
1587
1581
1583
1617
1589
1602
1618
1653
1526
1553
1570
1608
1568
1536
1615
1596
1657
1626
1631
1670
1657
1633
1642
1667
1642
1659
1619
1602
1706
1644
1667
1675
1655
1582
1530
1612
1675
1538
1573
1564
1599
1550
1609
1650
1620
1592
1615
1665
1670
1702
1717
1687
1665
1679
1661
1623
1605
1603
1612
1550
1622
1614
1604
1612
1617
1590
1691
1622
1631
1589
1579
1619
1650
1626
1568
1614
1621
1639
1668
1616
1632
1608
1612
1643
1634
1645
1653
1613
1616
1591
1563
1577
1629
1568
1580
1580
1620
1600
1691
1643
1617
1648
1668
1692
1531
1582
1620
1634
1587
1638
1610
1638
1592
1557
1563
1604
1625
1600
1586
1536
1645
1643
1582
1604
1601
1707
1608
1623
1648
1656
1661
1637
1603
1589
1566
1555
1637
1568
1642
1599
1628
1631
1669
1615
1609
1606
1632
1651
1631
1650
1613
1677
1645
1687
1642
1641
1632
1634
1582
1575
1593
1635
1661
1657
1627
1626
1653
1615
1692
1630
1576
1632
1611
1659
1666
1592
1544
1609
1585
1603
1589
1599
1556
1587
1624
1659
1659
1620
1632
1667
1656
1579
1595
1592
1613
1635
1679
1649
1618
1691
1654
1644
1683
1678
1650
1675
1702
1663
1673
1715
1711
1706
1705
1729
1738
1711
1746
1760
1736
1702
1662
1642
1668
1732
1696
1682
1599
1654
1706
1627
1611
1702
1659
1693
1633
1651
1616
1650
1639
1572
1620
1630
1660
1633
1651
1646
1644
1637
1646
1585
1662
1669
1699
1696
1709
1689
1665
1669
1615
1697
1707
1597
1658
1587
1594
1620
1589
1620
1677
1684
1660
1683
1564
1559
1551
1672
1665
1629
1605
1607
1595
1628
1671
1678
1728
1642
1665
1670
1722
1647
1715
1647
1673
1608
1592
1630
1647
1674
1636
1601
1632
1637
1569
1640
1580
1554
1648
1650
1656
1640
1635
1586
1626
1672
1682
1711
1722
1620
1698
1683
1667
1671
1611
1614
1633
1644
1696
1685
1677
1645
1621
1630
1602
1677
1640
1638
1703
1700
1613
1614
1605
1696
1603
1633
1636
1646
1657
1614
1627
1625
1647
1679
1666
1682
1643
1613
1572
1592
1530
1607
1637
1578
1592
1558
1605
1625
1600
1618
1621
1635
1549
1598
1605
1558
1630
1632
1618
1636
1671
1652
1681
1643
1700
1674
1634
1607
1723
1698
1667
1669
1674
1677
1672
1740
1676
1638
1687
1782
1774
1687
1711
1716
1680
1665
1709
1697
1714
1740
1690
1648
1714
1715
1705
1710
1709
1747
1743
1711
1741
1695
1726
1743
1728
1740
1735
1750
1733
1738
1800
1702
1704
1746
1693
1688
1688
1675
1722
1760
1749
1711
1712
1714
1733
1745
1719
1726
1786
1817
1763
1764
1761
1782
1762
1758
1672
1718
1712
1728
1687
1694
1670
1653
1730
1753
1751
1658
1636
1633
1618
1654
1671
1672
1661
1625
1632
1614
1624
1612
1681
1677
1649
1659
1647
1590
1625
1625
1689
1706
1688
1695
1703
1742
1794
1681
1651
1679
1652
1656
1676
1657
1700
1629
1712
1706
1694
1677
1671
1728
1659
1675
1664
1638
1628
1722
1737
1696
1701
1714
1691
1670
1653
1717
1669
1702
1682
1732
1677
1660
1666
1690
1630
1678
1676
1615
1693
1661
1614
1684
1670
1635
1566
1612
1607
1637
1557
1555
1557
1584
1599
1575
1561
1553
1586
1609
1595
1545
1592
1576
1623
1589
1565
1631
1628
1691
1538
1573
1625
1594
1561
1556
1597
1560
1642
1620
1596
1597
1578
1588
1622
1630
1651
1652
1648
1695
1648
1640
1640
1644
1629
1643
1636
1686
1655
1642
1582
1604
1587
1632
1638
1631
1629
1575
1550
1556
1600
1552
1523
1619
1641
1661
1598
1626
1678
1587
1576
1669
1584
1609
1591
1554
1592
1670
1652
1646
1576
1619
1720
1719
1637
1657
1737
1778
1760
1718
1701
1680
1724
1748
1710
1678
1652
1786
1795
1803
1819
1725
1735
1686
1691
1709
1665
1697
1737
1778
1697
1720
1717
1633
1708
1740
1772
1752
1703
1731
1655
1701
1768
1719
1795
1735
1785
1811
1791
1720
1760
1801
1769
1751
1715
1609
1717
1722
1675
1689
1704
1680
1707
1698
1734
1711
1735
1741
1751
1730
1753
1779
1760
1802
1740
1761
1777
1775
1822
1776
1790
1725
1741
1805
1774
1740
1760
1789
1708
1665
1700
1715
1786
1783
1743
1727
1761
1810
1765
1745
1742
1730
1761
1699
1729
1775
1700
1746
1720
1706
1740
1721
1652
1687
1661
1723
1703
1747
1729
1757
1643
1634
1723
1745
1802
1706
1691
1719
1706
1656
1610
1693
1717
1716
1790
1664
1601
1674
1663
1644
1661
1701
1710
1734
1810
1799
1710
1721
1729
1724
1682
1666
1692
1666
1661
1674
1666
1607
1656
1634
1636
1629
1589
1629
1675
1667
1666
1707
1690
1671
1631
1670
1679
1687
1726
1695
1761
1683
1698
1721
1744
1672
1726
1668
1668
1674
1597
1608
1713
1605
1662
1711
1654
1686
1675
1694
1733
1670
1798
1747
1715
1780
1725
1758
1761
1748
1724
1729
1626
1786
1730
1719
1746
1715
1653
1745
1668
1627
1663
1676
1705
1701
1710
1741
1752
1741
1687
1679
1662
1709
1641
1700
1625
1652
1620
1660
1643
1651
1729
1693
1697
1706
1725
1696
1725
1682
1660
1691
1729
1690
1757
1766
1721
1721
1713
1703
1671
1659
1692
1635
1664
1616
1707
1653
1607
1591
1552
1582
1605
1613
1645
1661
1657
1623
1658
1616
1592
1620
1690
1665
1688
1678
1683
1656
1645
1659
1588
1613
1658
1646
1696
1665
1651
1632
1649
1657
1637
1623
1608
1614
1618
1618
1637
1632
1634
1601
1589
1614
1635
1568
1533
1549
1530
1561
1564
1634
1608
1595
1601
1594
1591
1583
1580
1593
1548
1627
1526
1644
1662
1654
1623
1659
1709
1629
1605
1581
1555
1622
1653
1589
1631
1631
1600
1576
1573
1586
1636
1659
1656
1665
1720
1702
1685
1619
1685
1647
1599
1693
1648
1653
1663
1641
1643
1598
1566
1572
1563
1550
1615
1655
1620
1543
1545
1613
1597
1604
1631
1600
1657
1617
1675
1706
1689
1621
1623
1606
1590
1609
1624
1623
1604
1571
1624
1637
1613
1586
1630
1628
1632
1607
1680
1651
1603
1638
1586
1655
1645
1701
1657
1620
1639
1670
1687
1668
1645
1653
1737
1720
1662
1718
1708
1660
1596
1644
1658
1691
1682
1650
1663
1740
1693
1680
1688
1693
1688
1688
1655
1704
1692
1631
1668
1655
1641
1586
1647
1596
1597
1621
1642
1592
1613
1570
1582
1617
1653
1624
1610
1629
1582
1618
1608
1619
1557
1611
1644
1629
1601
1608
1597
1617
1587
1647
1642
1637
1578
1588
1628
1617
1666
1712
1664
1694
1688
1727
1715
1668
1707
1648
1623
1663
1695
1701
1679
1694
1604
1665
1626
1597
1555
1538
1487
1527
1540
1581
1555
1527
1531
1566
1506
1501
1550
1575
1633
1579
1559
1601
1623
1609
1599
1573
1556
1600
1584
1586
1541
1474
1557
1530
1574
1597
1540
1548
1566
1525
1549
1517
1564
1509
1578
1494
1525
1504
1536
1622
1595
1604
1540
1568
1505
1528
1527
1594
1536
1510
1560
1549
1566
1553
1508
1529
1558
1587
1593
1516
1590
1554
1556
1507
1486
1532
1520
1519
1529
1594
1548
1518
1544
1535
1567
1600
1566
1556
1525
1537
1497
1523
1464
1545
1498
1456
1465
1455
1455
1441
1474
1497
1538
1530
1563
1558
1574
1580
1555
1527
1518
1572
1634
1591
1638
1589
1584
1584
1569
1572
1624
1651
1620
1569
1556
1541
1531
1609
1570
1540
1592
1568
1558
1628
1589
1570
1571
1566
1573
1502
1517
1541
1518
1448
1532
1498
1541
1522
1548
1496
1513
1536
1512
1519
1473
1516
1521
1517
1468
1497
1532
1497
1570
1498
1517
1554
1541
1557
1569
1553
1591
1568
1548
1530
1525
1525
1572
1581
1584
1594
1606
1614
1538
1523
1541
1535
1514
1490
1484
1524
1499
1527
1574
1616
1630
1549
1592
1647
1557
1600
1622
1599
1613
1601
1643
1638
1614
1567
1650
1644
1675
1668
1642
1653
1649
1654
1699
1654
1658
1628
1636
1615
1603
1639
1639
1631
1652
1670
1657
1641
1634
1631
1640
1618
1658
1590
1577
1621
1590
1627
1646
1535
1593
1603
1645
1665
1704
1648
1608
1629
1635
1638
1620
1574
1619
1555
1570
1604
1604
1559
1551
1580
1601
1572
1577
1552
1607
1508
1581
1549
1551
1541
1580
1625
1605
1582
1602
1625
1564
1635
1628
1615
1604
1625
1661
1662
1617
1630
1597
1586
1576
1523
1593
1600
1620
1579
1547
1530
1556
1558
1462
1517
1508
1529
1561
1515
1513
1559
1539
1489
1516
1461
1521
1539
1563
1517
1557
1512
1502
1503
1535
1519
1569
1581
1604
1662
1533
1515
1463
1531
1480
1554
1557
1607
1644
1619
1592
1558
1553
1551
1574
1587
1528
1516
1542
1574
1525
1521
1547
1546
1504
1503
1546
1534
1532
1588
1550
1541
1547
1552
1553
1512
1585
1492
1531
1568
1558
1573
1592
1487
1548
1541
1601
1543
1547
1541
1536
1552
1541
1572
1498
1536
1541
1519
1572
1540
1558
1547
1572
1614
1570
1624
1592
1567
1540
1514
1532
1543
1537
1519
1511
1524
1580
1554
1541
1469
1553
1523
1492
1561
1554
1544
1538
1548
1514
1459
1562
1488
1473
1486
1548
1566
1548
1524
1517
1515
1494
1521
1525
1569
1546
1546
1549
1572
1520
1580
1586
1578
1560
1555
1570
1504
1492
1535
1555
1564
1557
1553
1544
1505
1467
1491
1487
1465
1484
1503
1523
1490
1496
1427
1488
1493
1507
1535
1492
1500
1501
1510
1452
1508
1495
1456
1453
1474
1511
1491
1464
1564
1528
1531
1605
1602
1567
1589
1530
1541
1565
1547
1588
1559
1553
1572
1576
1625
1624
1649
1616
1619
1610
1559
1574
1545
1615
1624
1571
1516
1562
1550
1558
1574
1575
1600
1639
1628
1626
1603
1585
1596
1583
1584
1595
1535
1615
1523
1554
1525
1581
1562
1534
1606
1562
1602
1575
1568
1573
1594
1558
1534
1581
1628
1540
1487
1524
1561
1575
1531
1580
1594
1592
1618
1567
1535
1531
1527
1571
1619
1604
1577
1549
1549
1557
1564
1534
1604
1537
1528
1481
1476
1624
1572
1474
1479
1521
1572
1558
1520
1527
1597
1533
1565
1590
1516
1535
1507
1573
1582
1552
1618
1562
1601
1571
1594
1528
1622
1571
1569
1553
1544
1506
1529
1499
1506
1547
1563
1480
1512
1489
1508
1429
1502
1439
1468
1459
1449
1498
1472
1451
1468
1436
1479
1453
1442
1482
1443
1466
1413
1423
1362
1416
1468
1406
1357
1379
1421
1385
1374
1452
1424
1370
1407
1353
1330
1372
1401
1374
1404
1409
1462
1421
1388
1395
1361
1358
1435
1410
1423
1444
1436
1469
1443
1511
1496
1475
1431
1471
1477
1479
1483
1495
1449
1511
1443
1514
1487
1471
1496
1512
1476
1475
1520
1531
1540
1493
1427
1472
1481
1498
1499
1466
1535
1538
1526
1462
1558
1567
1495
1535
1546
1539
1532
1495
1553
1496
1502
1472
1473
1543
1548
1473
1577
1513
1525
1527
1556
1545
1632
1535
1580
1556
1550
1510
1524
1542
1588
1576
1555
1596
1552
1515
1478
1479
1508
1497
1487
1499
1498
1465
1534
1532
1497
1504
1487
1482
1466
1503
1432
1471
1443
1475
1480
1410
1429
1446
1420
1442
1443
1439
1448
1408
1418
1375
1410
1451
1462
1497
1462
1361
1422
1423
1393
1411
1477
1484
1524
1509
1508
1516
1493
1543
1486
1433
1529
1515
1538
1564
1602
1486
1462
1497
1524
1474
1495
1508
1496
1425
1475
1515
1466
1460
1450
1482
1422
1485
1537
1487
1468
1504
1505
1482
1513
1489
1535
1521
1516
1465
1483
1513
1462
1483
1426
1475
1505
1509
1435
1431
1548
1491
1440
1509
1520
1550
1499
1513
1464
1468
1539
1547
1466
1456
1477
1424
1436
1512
1498
1520
1482
1459
1508
1423
1514
1446
1405
1417
1446
1424
1478
1461
1470
1530
1535
1491
1396
1427
1442
1437
1420
1432
1415
1392
1499
1448
1386
1417
1414
1421
1410
1380
1432
1448
1406
1424
1406
1397
1417
1401
1392
1387
1374
1352
1357
1366
1397
1393
1411
1403
1421
1451
1441
1436
1456
1393
1392
1383
1427
1400
1385
1390
1367
1405
1425
1350
1388
1429
1388
1410
1392
1400
1447
1441
1406
1404
1396
1405
1458
1489
1397
1434
1462
1472
1427
1430
1428
1490
1541
1543
1537
1523
1535
1531
1472
1486
1485
1479
1497
1492
1465
1419
1359
1432
1502
1419
1418
1477
1491
1451
1424
1420
1424
1454
1435
1347
1449
1390
1372
1420
1360
1338
1353
1265
1288
1274
1247
1342
1378
1395
1343
1344
1377
1357
1372
1337
1320
1331
1369
1323
1261
1278
1249
1348
1328
1371
1350
1399
1363
1330
1378
1279
1340
1339
1373
1397
1418
1395
1374
1379
1343
1383
1411
1422
1430
1432
1485
1397
1411
1410
1409
1423
1444
1425
1374
1411
1434
1400
1308
1353
1347
1325
1296
1334
1356
1285
1356
1341
1331
1307
1368
1305
1329
1292
1291
1339
1307
1286
1296
1316
1321
1308
1278
1355
1280
1359
1321
1402
1376
1312
1400
1377
1303
1402
1391
1359
1381
1426
1357
1376
1365
1372
1377
1339
1393
1363
1380
1356
1327
1356
1347
1367
1331
1289
1319
1325
1388
1396
1381
1366
1362
1406
1391
1388
1374
1357
1415
1386
1371
1413
1441
1440
1456
1340
1381
1468
1382
1323
1385
1377
1453
1421
1421
1374
1414
1355
1321
1369
1358
1366
1436
1444
1354
1383
1426
1445
1401
1353
1441
1432
1437
1421
1375
1308
1377
1353
1392
1425
1395
1366
1372
1408
1393
1340
1307
1387
1335
1389
1349
1301
1372
1331
1298
1329
1342
1330
1367
1385
1308
1360
1404
1412
1403
1416
1389
1369
1367
1351
1350
1421
1370
1349
1312
1372
1428
1394
1355
1372
1423
1388
1341
1373
1371
1350
1381
1366
1371
1394
1406
1393
1429
1398
1467
1498
1484
1410
1397
1426
1376
1377
1407
1401
1400
1455
1415
1374
1353
1385
1405
1376
1403
1400
1434
1427
1410
1438
1397
1442
1370
1356
1338
1405
1372
1375
1450
1450
1463
1526
1466
1481
1436
1436
1407
1439
1480
1460
1489
1486
1451
1569
1434
1456
1484
1474
1516
1486
1464
1496
1466
1446
1467
1452
1441
1426
1408
1446
1383
1444
1332
1369
1370
1451
1464
1439
1367
1400
1398
1423
1445
1433
1385
1360
1309
1333
1360
1346
1395
1393
1363
1330
1426
1415
1401
1389
1381
1382
1391
1385
1337
1339
1298
1338
1385
1389
1383
1346
1378
1445
1396
1397
1373
1387
1353
1313
1354
1355
1414
1400
1400
1386
1355
1323
1359
1319
1357
1355
1361
1369
1342
1371
1365
1326
1359
1379
1353
1386
1448
1431
1432
1463
1440
1463
1528
1448
1479
1464
1431
1467
1494
1457
1448
1447
1349
1392
1427
1430
1446
1427
1432
1497
1497
1461
1496
1462
1486
1400
1418
1456
1408
1433
1431
1481
1429
1456
1444
1461
1439
1407
1460
1474
1504
1484
1487
1490
1431
1469
1450
1487
1485
1452
1466
1432
1455
1516
1429
1434
1415
1430
1413
1452
1468
1489
1446
1453
1529
1505
1459
1502
1535
1501
1484
1456
1472
1451
1465
1478
1479
1488
1463
1451
1416
1468
1462
1447
1455
1404
1418
1436
1428
1426
1451
1474
1459
1424
1385
1422
1452
1517
1456
1511
1497
1468
1449
1491
1492
1521
1509
1478
1410
1461
1538
1430
1447
1402
1486
1514
1502
1418
1425
1455
1433
1448
1461
1446
1438
1453
1451
1475
1453
1471
1411
1397
1391
1402
1378
1429
1371
1330
1382
1410
1423
1382
1455
1452
1397
1434
1412
1423
1410
1409
1419
1427
1445
1442
1409
1417
1423
1394
1427
1366
1367
1313
1323
1374
1404
1392
1345
1401
1342
1335
1356
1365
1355
1391
1389
1377
1339
1452
1449
1452
1399
1438
1445
1456
1417
1424
1435
1386
1401
1458
1408
1447
1471
1420
1391
1381
1397
1353
1438
1433
1448
1379
1447
1422
1419
1395
1401
1457
1502
1429
1424
1400
1451
1459
1465
1436
1454
1442
1429
1469
1463
1453
1447
1451
1495
1462
1450
1375
1442
1455
1461
1481
1423
1461
1432
1413
1359
1379
1424
1360
1405
1419
1390
1452
1438
1488
1439
1432
1426
1483
1474
1440
1415
1390
1433
1485
1446
1407
1449
1463
1439
1433
1449
1387
1433
1488
1446
1406
1394
1415
1425
1365
1392
1395
1431
1452
1367
1422
1431
1354
1364
1426
1341
1449
1425
1400
1367
1434
1409
1434
1440
1418
1414
1453
1384
1412
1452
1378
1467
1451
1444
1426
1446
1423
1431
1471
1460
1450
1434
1482
1501
1526
1517
1509
1479
1495
1503
1523
1402
1474
1448
1379
1391
1418
1456
1408
1456
1384
1422
1412
1414
1402
1452
1472
1430
1455
1547
1416
1513
1460
1481
1503
1478
1435
1481
1470
1435
1447
1429
1418
1417
1368
1375
1400
1414
1452
1413
1478
1498
1415
1430
1389
1411
1421
1413
1417
1437
1470
1442
1401
1431
1398
1422
1447
1451
1420
1462
1375
1433
1401
1424
1386
1395
1483
1494
1456
1409
1396
1404
1442
1409
1374
1420
1422
1429
1402
1449
1349
1422
1424
1425
1436
1432
1455
1435
1443
1454
1502
1502
1445
1436
1424
1454
1428
1436
1416
1423
1443
1465
1418
1449
1425
1460
1488
1441
1478
1419
1406
1422
1459
1501
1475
1492
1467
1505
1439
1416
1443
1441
1501
1475
1450
1484
1462
1468
1503
1418
1452
1427
1445
1446
1416
1395
1445
1471
1423
1421
1404
1448
1417
1401
1438
1459
1433
1489
1522
1468
1442
1476
1456
1420
1451
1503
1461
1420
1457
1436
1421
1355
1309
1344
1406
1344
1359
1403
1339
1315
1368
1428
1396
1396
1466
1456
1462
1506
1461
1463
1396
1414
1358
1406
1413
1547
1454
1457
1443
1402
1383
1433
1382
1380
1385
1399
1382
1408
1392
1430
1465
1401
1392
1374
1414
1444
1445
1387
1403
1457
1463
1478
1544
1425
1431
1434
1447
1394
1519
1442
1441
1452
1491
1443
1397
1418
1397
1388
1426
1432
1381
1394
1386
1389
1440
1448
1439
1471
1427
1404
1443
1433
1375
1444
1448
1431
1455
1424
1369
1432
1453
1450
1396
1411
1484
1445
1466
1419
1509
1507
1460
1447
1475
1490
1450
1480
1427
1474
1461
1475
1464
1509
1494
1485
1514
1559
1550
1506
1492
1533
1560
1578
1557
1636
1552
1576
1495
1579
1515
1487
1524
1502
1432
1462
1467
1585
1533
1531
1507
1523
1462
1567
1520
1509
1494
1515
1467
1470
1457
1514
1470
1403
1465
1466
1458
1460
1535
1474
1521
1518
1581
1548
1566
1478
1445
1474
1486
1473
1499
1479
1426
1451
1408
1394
1459
1471
1446
1438
1473
1436
1440
1396
1428
1422
1414
1405
1491
1455
1480
1487
1443
1438
1472
1428
1435
1430
1465
1403
1387
1425
1482
1456
1419
1475
1384
1408
1371
1405
1402
1423
1424
1416
1459
1463
1429
1472
1417
1473
1482
1479
1534
1507
1489
1492
1505
1511
1463
1530
1577
1468
1448
1449
1436
1475
1463
1424
1460
1504
1492
1473
1521
1488
1483
1479
1513
1496
1500
1516
1477
1453
1440
1501
1415
1436
1466
1448
1511
1458
1436
1495
1499
1519
1547
1503
1478
1438
1473
1468
1463
1485
1459
1515
1440
1415
1465
1495
1499
1491
1507
1452
1451
1462
1444
1451
1441
1434
1458
1452
1478
1476
1471
1498
1489
1501
1496
1468
1481
1578
1626
1608
1540
1499
1535
1481
1459
1546
1523
1588
1526
1563
1579
1499
1432
1465
1428
1506
1488
1474
1413
1472
1467
1446
1488
1437
1443
1493
1425
1451
1446
1408
1422
1429
1441
1504
1444
1477
1438
1504
1469
1456
1509
1497
1523
1501
1438
1458
1504
1484
1506
1502
1471
1458
1494
1452
1514
1424
1512
1447
1414
1433
1444
1501
1437
1464
1468
1408
1392
1339
1407
1515
1519
1466
1502
1439
1435
1455
1444
1398
1443
1528
1471
1443
1367
1393
1359
1435
1423
1396
1406
1418
1409
1343
1441
1418
1466
1435
1443
1460
1478
1464
1397
1406
1368
1411
1447
1428
1443
1468
1486
1514
1500
1487
1443
1449
1503
1491
1448
1442
1415
1397
1403
1396
1459
1408
1462
1449
1431
1418
1425
1474
1473
1445
1506
1447
1515
1486
1526
1464
1467
1481
1475
1521
1556
1521
1522
1542
1484
1507
1509
1508
1474
1496
1477
1517
1573
1491
1468
1411
1480
1462
1457
1468
1418
1452
1410
1387
1455
1435
1473
1453
1426
1462
1469
1434
1398
1429
1424
1405
1403
1353
1412
1422
1409
1443
1453
1429
1404
1374
1394
1444
1411
1417
1445
1462
1398
1480
1441
1497
1520
1517
1506
1486
1518
1521
1536
1394
1439
1468
1514
1516
1510
1477
1498
1512
1531
1472
1506
1493
1528
1491
1485
1562
1563
1505
1496
1544
1528
1512
1500
1517
1545
1571
1549
1490
1513
1549
1476
1497
1460
1438
1541
1492
1524
1476
1448
1451
1510
1527
1533
1504
1591
1564
1489
1500
1477
1522
1447
1530
1421
1438
1404
1477
1492
1512
1440
1435
1447
1528
1470
1483
1427
1417
1341
1411
1471
1476
1418
1398
1429
1360
1449
1477
1429
1380
1407
1380
1439
1407
1413
1423
1447
1425
1437
1375
1389
1381
1376
1367
1343
1394
1396
1401
1426
1426
1356
1463
1388
1339
1392
1361
1380
1376
1407
1413
1437
1393
1424
1446
1346
1366
1418
1406
1392
1400
1453
1374
1485
1406
1402
1435
1445
1447
1465
1456
1387
1397
1425
1475
1441
1396
1436
1447
1423
1475
1479
1466
1470
1411
1387
1417
1372
1365
1416
1339
1313
1345
1449
1406
1415
1398
1384
1427
1453
1427
1407
1396
1433
1418
1435
1477
1486
1448
1469
1445
1402
1362
1330
1344
1361
1362
1387
1379
1392
1386
1372
1382
1404
1361
1424
1428
1398
1431
1477
1409
1454
1421
1411
1437
1454
1441
1435
1470
1447
1487
1401
1441
1469
1428
1442
1432
1470
1406
1384
1450
1345
1419
1354
1419
1439
1371
1428
1429
1430
1488
1469
1434
1397
1362
1433
1407
1394
1428
1413
1408
1424
1366
1442
1442
1409
1437
1413
1462
1377
1362
1372
1439
1419
1394
1404
1395
1438
1424
1451
1399
1492
1376
1474
1465
1488
1409
1425
1445
1428
1497
1415
1413
1434
1406
1395
1366
1355
1420
1441
1417
1415
1463
1354
1402
1431
1459
1453
1446
1394
1344
1446
1437
1362
1381
1345
1367
1382
1450
1482
1405
1346
1362
1357
1317
1405
1368
1312
1311
1314
1280
1337
1234
1301
1337
1335
1333
1356
1311
1351
1349
1290
1322
1289
1286
1274
1309
1343
1315
1338
1297
1257
1270
1305
1272
1321
1388
1335
1341
1347
1298
1344
1376
1348
1343
1315
1359
1354
1369
1374
1420
1395
1365
1404
1411
1381
1371
1402
1323
1356
1368
1292
1363
1360
1345
1328
1342
1378
1392
1339
1380
1366
1407
1425
1390
1351
1370
1400
1406
1342
1362
1348
1408
1421
1366
1396
1354
1412
1410
1397
1391
1339
1411
1392
1363
1371
1304
1288
1314
1403
1372
1334
1352
1361
1326
1295
1297
1271
1404
1348
1332
1350
1373
1354
1372
1370
1371
1358
1381
1329
1333
1350
1340
1383
1381
1382
1366
1371
1435
1433
1359
1352
1388
1445
1432
1395
1372
1381
1418
1419
1387
1419
1418
1409
1428
1450
1455
1467
1453
1458
1456
1459
1387
1386
1417
1391
1415
1424
1400
1392
1391
1414
1398
1375
1385
1398
1361
1377
1340
1366
1361
1379
1396
1378
1356
1336
1377
1392
1382
1340
1380
1421
1421
1393
1401
1352
1365
1386
1430
1436
1368
1329
1284
1268
1284
1221
1284
1270
1328
1301
1298
1369
1359
1304
1303
1316
1379
1336
1306
1318
1332
1294
1276
1358
1395
1390
1370
1333
1387
1381
1411
1397
1369
1376
1449
1369
1378
1391
1411
1404
1339
1350
1354
1367
1412
1425
1416
1320
1336
1352
1371
1383
1401
1357
1392
1347
1288
1346
1325
1376
1357
1366
1381
1381
1420
1456
1428
1420
1495
1506
1463
1446
1363
1362
1436
1424
1397
1426
1396
1430
1464
1484
1394
1375
1347
1392
1410
1427
1428
1438
1436
1437
1429
1404
1432
1452
1422
1412
1427
1391
1439
1441
1430
1441
1391
1405
1388
1349
1377
1300
1316
1305
1340
1401
1352
1332
1396
1385
1364
1355
1386
1334
1364
1407
1364
1362
1307
1334
1329
1360
1394
1412
1418
1429
1363
1336
1333
1419
1359
1357
1353
1316
1329
1418
1408
1416
1425
1393
1419
1443
1380
1322
1323
1377
1332
1381
1349
1330
1378
1370
1389
1411
1390
1348
1428
1403
1392
1454
1445
1361
1370
1359
1451
1400
1412
1415
1371
1369
1354
1402
1373
1366
1378
1359
1337
1304
1302
1377
1333
1320
1357
1348
1359
1441
1439
1413
1398
1376
1330
1350
1337
1421
1419
1411
1411
1404
1361
1322
1285
1300
1270
1312
1388
1283
1331
1272
1306
1297
1252
1302
1311
1300
1338
1345
1317
1314
1300
1286
1311
1388
1347
1346
1326
1336
1351
1384
1426
1387
1331
1321
1331
1365
1296
1354
1362
1340
1341
1344
1348
1333
1367
1375
1307
1390
1365
1362
1319
1342
1320
1335
1425
1411
1392
1369
1410
1388
1386
1360
1328
1334
1301
1376
1367
1359
1389
1348
1331
1330
1316
1301
1284
1304
1265
1244
1290
1319
1316
1306
1267
1275
1259
1302
1312
1281
1221
1277
1306
1333
1321
1294
1259
1291
1280
1236
1265
1319
1267
1289
1325
1347
1334
1308
1293
1337
1331
1292
1301
1337
1323
1339
1349
1364
1412
1349
1394
1400
1361
1338
1401
1388
1346
1353
1370
1418
1390
1373
1413
1376
1378
1430
1429
1385
1323
1429
1360
1358
1388
1366
1394
1366
1310
1365
1356
1364
1373
1396
1402
1387
1406
1393
1363
1373
1384
1387
1416
1403
1392
1363
1388
1393
1409
1418
1340
1422
1443
1392
1417
1467
1424
1399
1457
1433
1437
1440
1377
1405
1398
1350
1344
1343
1374
1454
1349
1342
1382
1368
1388
1465
1425
1426
1442
1418
1430
1486
1443
1401
1457
1427
1384
1487
1455
1444
1371
1406
1435
1428
1435
1443
1449
1428
1476
1459
1483
1467
1450
1467
1374
1323
1346
1358
1424
1395
1302
1338
1339
1419
1404
1435
1400
1388
1335
1374
1332
1413
1431
1418
1345
1392
1386
1406
1371
1415
1420
1365
1387
1413
1337
1355
1298
1330
1350
1319
1353
1344
1312
1355
1349
1362
1345
1328
1301
1290
1277
1291
1311
1306
1319
1321
1279
1216
1247
1240
1251
1296
1268
1280
1255
1293
1280
1296
1245
1265
1251
1240
1299
1305
1269
1307
1252
1219
1261
1255
1289
1237
1270
1324
1278
1245
1291
1273
1286
1332
1351
1361
1370
1350
1346
1328
1286
1300
1347
1325
1355
1375
1406
1326
1345
1353
1392
1332
1327
1295
1364
1297
1308
1283
1269
1306
1309
1283
1261
1298
1258
1324
1309
1340
1323
1327
1286
1289
1242
1268
1266
1305
1307
1283
1337
1392
1373
1381
1341
1337
1298
1293
1285
1287
1308
1371
1360
1344
1367
1311
1357
1377
1349
1286
1309
1307
1334
1418
1330
1366
1319
1382
1356
1339
1311
1324
1377
1338
1319
1342
1299
1321
1280
1333
1329
1338
1344
1346
1330
1345
1286
1275
1300
1290
1249
1298
1295
1289
1284
1286
1306
1277
1256
1293
1262
1214
1192
1201
1249
1243
1254
1230
1219
1263
1248
1240
1253
1260
1228
1240
1192
1263
1294
1215
1247
1248
1233
1275
1353
1334
1292
1292
1281
1302
1292
1237
1291
1301
1260
1278
1313
1325
1346
1273
1312
1309
1310
1286
1329
1313
1326
1310
1286
1302
1318
1320
1346
1316
1293
1338
1338
1344
1280
1363
1279
1348
1381
1377
1386
1391
1309
1350
1372
1409
1438
1435
1445
1435
1396
1419
1461
1477
1405
1360
1391
1383
1399
1431
1409
1356
1362
1330
1364
1370
1357
1357
1325
1336
1261
1356
1304
1297
1319
1331
1361
1348
1321
1284
1338
1370
1299
1285
1385
1384
1316
1349
1314
1280
1345
1283
1370
1379
1364
1340
1350
1312
1377
1333
1347
1353
1360
1297
1350
1372
1295
1318
1320
1324
1359
1379
1403
1341
1382
1405
1390
1396
1347
1339
1299
1331
1312
1363
1313
1357
1304
1326
1382
1352
1286
1289
1374
1344
1369
1330
1383
1405
1366
1328
1346
1308
1374
1364
1242
1340
1360
1356
1348
1324
1374
1284
1315
1306
1321
1358
1395
1382
1383
1353
1401
1368
1335
1401
1390
1395
1337
1399
1309
1342
1344
1370
1354
1393
1324
1360
1364
1284
1364
1321
1341
1349
1346
1347
1377
1366
1370
1410
1364
1333
1349
1375
1396
1389
1437
1425
1423
1328
1342
1365
1392
1310
1270
1291
1314
1314
1316
1340
1368
1369
1345
1314
1342
1321
1349
1284
1312
1351
1360
1362
1360
1365
1335
1347
1322
1298
1338
1323
1384
1375
1397
1386
1339
1354
1392
1368
1360
1427
1373
1337
1303
1342
1351
1338
1381
1370
1386
1384
1410
1317
1393
1384
1342
1353
1370
1348
1347
1360
1380
1365
1418
1364
1344
1365
1444
1364
1374
1400
1428
1429
1377
1423
1392
1434
1446
1399
1394
1392
1430
1433
1463
1413
1474
1436
1420
1362
1365
1399
1408
1406
1358
1353
1401
1404
1406
1385
1408
1465
1443
1446
1481
1392
1365
1355
1431
1433
1466
1389
1382
1399
1400
1419
1438
1370
1403
1387
1424
1446
1423
1437
1515
1429
1407
1410
1409
1368
1375
1376
1356
1381
1425
1288
1324
1392
1361
1362
1378
1327
1370
1308
1322
1371
1349
1360
1399
1417
1414
1367
1331
1388
1321
1330
1340
1313
1335
1340
1388
1342
1396
1421
1411
1404
1397
1385
1358
1365
1381
1427
1360
1369
1378
1354
1370
1411
1410
1377
1414
1390
1365
1373
1360
1377
1378
1381
1396
1433
1431
1454
1386
1401
1439
1381
1431
1413
1423
1444
1438
1433
1411
1380
1405
1408
1388
1347
1412
1338
1366
1404
1411
1393
1388
1350
1382
1377
1444
1437
1358
1376
1357
1399
1404
1387
1352
1314
1384
1412
1370
1371
1339
1287
1335
1289
1311
1347
1388
1384
1319
1347
1350
1326
1379
1391
1353
1373
1355
1387
1378
1382
1449
1381
1328
1345
1292
1310
1355
1367
1350
1324
1378
1406
1344
1339
1316
1385
1344
1287
1325
1282
1319
1380
1395
1361
1423
1392
1416
1395
1410
1436
1399
1377
1403
1383
1306
1324
1332
1299
1344
1337
1369
1309
1333
1367
1337
1359
1301
1368
1320
1320
1301
1364
1301
1387
1394
1365
1348
1454
1399
1365
1387
1352
1374
1303
1285
1324
1367
1352
1365
1345
1356
1340
1324
1343
1378
1326
1332
1365
1361
1418
1393
1341
1358
1360
1340
1275
1311
1349
1379
1354
1319
1340
1474
1411
1367
1330
1404
1385
1348
1334
1317
1308
1291
1284
1244
1270
1313
1242
1284
1313
1377
1319
1348
1321
1283
1278
1330
1291
1363
1404
1308
1309
1311
1286
1295
1268
1334
1278
1358
1331
1311
1375
1306
1288
1304
1346
1313
1322
1263
1295
1325
1285
1309
1382
1329
1350
1288
1290
1275
1306
1271
1336
1293
1286
1296
1233
1284
1302
1306
1298
1310
1315
1335
1306
1285
1305
1315
1286
1355
1327
1315
1304
1324
1334
1315
1335
1307
1281
1322
1327
1355
1368
1343
1320
1305
1335
1273
1289
1322
1323
1317
1331
1363
1344
1338
1373
1327
1353
1392
1339
1374
1411
1362
1327
1331
1316
1323
1337
1283
1273
1317
1324
1326
1320
1322
1280
1319
1293
1280
1268
1282
1288
1307
1328
1312
1340
1319
1339
1359
1337
1363
1338
1352
1378
1357
1358
1363
1313
1349
1372
1325
1378
1377
1370
1386
1382
1344
1306
1362
1325
1305
1311
1367
1380
1358
1293
1388
1308
1315
1267
1279
1280
1306
1287
1293
1347
1375
1344
1395
1357
1332
1353
1333
1312
1314
1340
1312
1326
1323
1330
1295
1340
1272
1294
1329
1311
1320
1335
1349
1274
1313
1257
1298
1233
1196
1229
1250
1265
1253
1274
1299
1252
1221
1189
1193
1241
1259
1273
1260
1284
1246
1253
1247
1246
1304
1274
1289
1285
1249
1252
1272
1245
1276
1182
1214
1262
1267
1301
1293
1267
1255
1230
1252
1311
1331
1304
1285
1249
1245
1240
1234
1265
1327
1252
1278
1295
1276
1319
1292
1259
1232
1234
1281
1232
1234
1235
1206
1213
1241
1237
1247
1248
1199
1125
1108
1164
1142
1201
1237
1214
1228
1223
1199
1201
1177
1199
1178
1227
1163
1248
1208
1170
1178
1232
1237
1223
1228
1246
1190
1207
1224
1154
1251
1194
1213
1300
1290
1232
1249
1272
1230
1207
1200
1191
1149
1180
1167
1173
1212
1222
1196
1207
1203
1223
1242
1237
1272
1297
1242
1224
1213
1255
1191
1248
1275
1250
1261
1282
1189
1212
1312
1248
1242
1307
1293
1229
1256
1265
1249
1213
1235
1211
1131
1144
1248
1223
1215
1178
1243
1254
1259
1288
1247
1242
1207
1220
1233
1249
1209
1126
1202
1184
1205
1251
1226
1215
1198
1238
1255
1204
1201
1201
1258
1293
1244
1252
1241
1186
1198
1231
1210
1188
1280
1242
1193
1266
1202
1236
1216
1214
1217
1279
1309
1222
1308
1343
1332
1308
1252
1309
1339
1317
1329
1323
1232
1253
1254
1288
1255
1283
1237
1263
1239
1277
1220
1209
1237
1236
1223
1271
1291
1275
1286
1236
1280
1294
1254
1312
1234
1225
1226
1247
1264
1294
1252
1239
1238
1221
1181
1201
1232
1238
1208
1243
1191
1209
1210
1164
1202
1207
1233
1233
1223
1196
1215
1244
1221
1293
1294
1294
1267
1253
1228
1251
1253
1295
1240
1213
1223
1195
1278
1267
1310
1305
1288
1286
1282
1323
1285
1255
1258
1260
1228
1220
1287
1271
1277
1212
1244
1251
1277
1238
1249
1293
1223
1276
1215
1238
1293
1278
1242
1242
1266
1202
1224
1244
1225
1239
1222
1212
1216
1250
1207
1185
1201
1234
1210
1172
1202
1218
1224
1270
1213
1284
1273
1271
1258
1269
1306
1274
1235
1254
1257
1218
1288
1244
1321
1292
1305
1221
1264
1266
1275
1222
1249
1246
1275
1225
1269
1245
1229
1240
1252
1241
1244
1261
1223
1254
1197
1235
1283
1253
1306
1298
1300
1303
1257
1217
1248
1217
1175
1250
1242
1206
1246
1248
1266
1218
1219
1225
1259
1244
1257
1216
1212
1205
1192
1209
1195
1259
1217
1242
1248
1200
1219
1181
1180
1174
1249
1228
1184
1218
1167
1170
1165
1201
1202
1201
1219
1187
1191
1202
1133
1159
1176
1143
1101
1105
1162
1116
1159
1119
1151
1192
1166
1148
1161
1185
1214
1171
1099
1197
1156
1162
1228
1153
1143
1188
1188
1169
1160
1096
1146
1135
1115
1129
1112
1114
1100
1092
1105
1162
1178
1186
1208
1167
1166
1185
1209
1167
1174
1162
1163
1139
1126
1145
1154
1160
1179
1178
1228
1183
1169
1137
1135
1144
1215
1206
1167
1198
1165
1182
1160
1158
1157
1141
1115
1144
1148
1173
1145
1127
1112
1149
1142
1174
1181
1163
1128
1110
1200
1141
1113
1129
1156
1181
1164
1165
1107
1164
1159
1177
1180
1241
1199
1211
1260
1222
1211
1253
1205
1222
1226
1227
1233
1241
1216
1212
1194
1244
1167
1191
1211
1225
1210
1199
1176
1193
1206
1204
1182
1244
1284
1223
1219
1270
1254
1209
1176
1120
1156
1150
1157
1197
1163
1172
1183
1146
1148
1192
1181
1164
1171
1233
1222
1200
1264
1192
1269
1215
1265
1252
1193
1206
1199
1217
1213
1213
1198
1221
1167
1183
1166
1202
1245
1242
1233
1206
1217
1186
1227
1177
1202
1194
1268
1228
1207
1193
1184
1182
1265
1230
1147
1224
1241
1259
1231
1102
1150
1152
1160
1143
1138
1131
1156
1169
1185
1224
1257
1272
1182
1185
1252
1205
1187
1178
1186
1118
1140
1106
1144
1197
1111
1131
1123
1123
1130
1177
1148
1148
1178
1175
1201
1103
1116
1155
1129
1140
1112
1148
1124
1137
1092
1173
1157
1164
1110
1122
1124
1114
1086
1156
1166
1165
1098
1106
1094
1121
1090
1090
1151
1137
1140
1152
1218
1191
1193
1184
1153
1198
1215
1217
1204
1197
1159
1225
1239
1186
1123
1104
1110
1135
1162
1113
1183
1161
1107
1157
1183
1138
1152
1122
1117
1139
1079
1067
1056
1106
1045
1087
1084
1051
1112
1081
1081
1088
1067
1064
1067
1128
1040
1048
1093
1058
1087
1088
1148
1100
1043
1029
1052
1087
1134
1108
1108
1131
1123
1130
1143
1141
1140
1109
1099
1105
1128
1060
1070
1118
1077
1066
1128
1057
1046
1045
1119
1053
1006
1047
1053
1052
1106
1094
1105
1086
1164
1192
1141
1154
1144
1127
1173
1170
1111
1116
1126
1121
1112
1112
1089
1058
1085
1075
1079
1055
1021
996
1013
1041
1070
1057
1069
1042
1001
1044
1043
1038
1008
1044
1098
1107
1129
1140
1063
1075
1102
1063
1111
1137
1105
1099
1109
1094
1182
1071
1039
1104
1056
1069
1079
1097
1146
1183
1186
1176
1133
1087
1133
1058
1115
1096
1076
1116
1095
1131
1108
1090
1082
1106
1050
1066
1129
1074
1124
1146
1096
1097
1122
1163
1139
1180
1155
1139
1130
1185
1199
1198
1177
1214
1225
1179
1196
1188
1175
1151
1196
1233
1188
1199
1218
1187
1204
1215
1220
1239
1217
1251
1267
1217
1196
1220
1215
1240
1224
1274
1284
1296
1265
1237
1273
1243
1286
1245
1273
1294
1287
1262
1245
1269
1297
1258
1242
1283
1292
1238
1280
1225
1253
1313
1271
1298
1233
1248
1249
1204
1182
1240
1251
1290
1323
1285
1261
1278
1274
1252
1200
1237
1223
1232
1253
1214
1292
1247
1208
1242
1250
1223
1253
1216
1228
1226
1206
1262
1267
1250
1273
1250
1170
1205
1218
1226
1156
1217
1227
1208
1201
1163
1169
1190
1235
1216
1206
1215
1220
1180
1216
1145
1193
1183
1234
1187
1269
1249
1206
1196
1215
1161
1211
1176
1184
1201
1193
1181
1171
1133
1146
1136
1148
1107
1166
1143
1143
1147
1172
1240
1187
1130
1185
1163
1106
1157
1194
1252
1139
1139
1115
1112
1122
1125
1152
1165
1182
1121
1174
1161
1175
1173
1176
1129
1110
1109
1129
1154
1134
1135
1098
1123
1157
1117
1120
1146
1110
1077
1086
1101
1148
1100
1138
1169
1109
1062
1176
1172
1168
1216
1214
1210
1188
1164
1169
1229
1183
1201
1174
1156
1179
1104
1116
1101
1098
1087
1159
1182
1119
1147
1182
1202
1153
1187
1110
1102
1122
1146
1149
1182
1168
1213
1163
1144
1177
1179
1171
1201
1217
1223
1167
1179
1211
1259
1295
1278
1261
1322
1264
1217
1237
1153
1242
1205
1193
1210
1152
1203
1160
1189
1248
1195
1162
1184
1173
1224
1189
1261
1246
1269
1189
1187
1212
1192
1219
1197
1147
1153
1139
1189
1208
1195
1182
1209
1151
1156
1194
1178
1179
1246
1240
1285
1214
1151
1184
1163
1207
1195
1133
1188
1239
1177
1194
1216
1193
1239
1149
1164
1224
1180
1176
1153
1176
1154
1172
1207
1243
1236
1218
1211
1230
1250
1193
1151
1145
1152
1138
1175
1112
1183
1172
1148
1146
1163
1127
1097
1126
1111
1142
1199
1156
1185
1186
1169
1151
1156
1154
1166
1129
1158
1190
1170
1186
1179
1101
1180
1138
1154
1158
1201
1168
1166
1221
1213
1198
1178
1227
1249
1229
1202
1204
1080
1186
1184
1156
1147
1186
1164
1116
1159
1132
1147
1200
1154
1143
1126
1168
1126
1143
1169
1135
1190
1129
1184
1183
1204
1160
1186
1193
1200
1139
1143
1153
1171
1187
1152
1191
1142
1089
1140
1149
1198
1167
1186
1160
1178
1195
1170
1191
1222
1215
1177
1208
1197
1174
1193
1241
1203
1249
1237
1191
1191
1164
1216
1197
1229
1245
1202
1173
1181
1234
1232
1184
1157
1144
1161
1167
1202
1234
1185
1207
1199
1176
1139
1151
1195
1197
1174
1182
1196
1190
1187
1185
1218
1179
1213
1255
1210
1247
1199
1196
1218
1239
1140
1162
1150
1178
1158
1154
1160
1180
1163
1173
1214
1179
1175
1208
1226
1208
1182
1157
1170
1125
1156
1218
1203
1167
1193
1153
1219
1206
1208
1283
1198
1262
1195
1173
1165
1168
1156
1214
1193
1203
1161
1175
1179
1133
1183
1168
1226
1202
1177
1155
1183
1207
1207
1213
1223
1227
1215
1265
1251
1196
1274
1273
1251
1286
1341
1314
1286
1277
1355
1275
1298
1310
1306
1382
1348
1309
1319
1333
1306
1313
1306
1313
1326
1287
1287
1290
1355
1286
1311
1299
1255
1295
1323
1300
1277
1230
1304
1263
1196
1253
1316
1314
1311
1250
1286
1291
1309
1291
1242
1234
1192
1225
1206
1233
1274
1209
1228
1228
1244
1206
1204
1274
1274
1249
1229
1271
1266
1258
1271
1281
1270
1287
1316
1317
1293
1318
1346
1340
1320
1320
1358
1298
1281
1346
1336
1302
1369
1374
1360
1364
1398
1313
1312
1313
1284
1340
1354
1337
1320
1395
1314
1327
1316
1303
1262
1337
1272
1275
1247
1275
1227
