6018
6444
7878
10742
14754
20586
27746
36038
45346
56092
66692
78562
90566
102974
116224
128284
140304
151472
162876
173340
184028
194754
202176
211786
219442
226698
234580
240084
246772
252412
256962
263282
268472
272876
277628
279556
285456
287776
292484
296702
299766
300646
302510
306582
309774
310718
311414
315442
316444
318440
320582
322176
324006
324430
326228
329164
330548
331824
333006
332660
333500
335208
335880
338030
338556
339526
340338
340304
339392
341376
343170
343964
345420
348062
349578
349362
350040
349468
351012
353060
353234
353858
354166
353134
353868
353844
352794
353834
353472
355214
355226
354618
356742
356986
359090
358916
359132
361206
359972
360686
362094
361354
362310
364970
365044
363568
364764
364636
364858
365970
365320
365816
366566
366382
366484
366960
366640
367122
367666
367492
366306
366934
368324
369232
369888
370902
371010
370728
369876
370830
371100
373408
372634
371778
372544
373484
374660
374386
375940
375802
375486
376184
376224
375904
376654
377246
378774
376824
377900
379132
378744
378072
378668
377718
379674
379460
380492
382912
382488
381920
382630
381202
381026
381676
381864
381632
381688
379536
381228
381496
382926
382362
382648
383248
383174
383804
382518
383940
384924
381822
380358
381050
380276
380676
381408
382836
383362
382998
381882
384310
384316
384488
384114
384582
382706
383930
386198
386014
384644
385304
385302
384492
384880
386356
387024
386098
386992
388592
387958
388144
389068
388766
388034
387712
387084
388604
389614
388590
390932
390930
389808
390612
391262
390908
390066
389922
390310
390014
389158
388908
390036
390184
391508
393196
392708
392604
392230
390926
390842
389782
390182
390996
391750
391618
391438
391332
391656
391594
391712
392998
391658
391546
391432
392426
392760
392304
392418
392156
394214
393846
393822
394076
394560
393728
395064
396168
395214
395906
394894
394418
396328
397708
397176
397552
396502
397060
397422
394570
395716
396514
395102
395534
396682
398458
397734
397556
398538
397000
396224
394906
395552
396744
397194
399910
398842
396574
397362
396398
395728
396574
396828
397992
398002
399386
397842
397494
397948
399256
399504
398934
398278
399448
399524
398276
398016
398394
399212
399024
399046
399060
399604
397636
397852
399026
400702
400678
402206
400964
400506
400232
400684
402098
400402
400378
401350
399070
398632
400588
400914
401090
401058
399892
399822
399678
400826
403018
402198
399980
399346
400732
401518
401298
401610
401300
402388
402668
403194
403190
402712
402930
403172
402272
403460
402188
401206
402298
402900
402308
403500
403538
402370
404042
403236
403494
403150
403370
404606
403906
404802
403170
403890
404682
405252
405084
404406
404330
403660
404250
405660
405306
405506
406446
405150
405852
405392
407004
407032
406884
406426
405552
406722
405792
406556
407562
408554
408392
405470
405716
407374
406368
405952
405634
405698
405580
405494
407056
407332
407298
405768
406826
407208
407716
407648
406200
405962
406078
406316
405664
404856
406692
404216
405356
404672
405070
405550
405388
406228
405188
404510
406408
408062
408028
407912
407494
407466
407006
407134
407906
408678
409616
408402
409138
408154
408890
409218
407380
406864
405890
407080
409316
409206
410474
410074
410260
409894
409622
409600
408266
410614
408974
408824
409400
409112
408222
408114
409344
408646
410192
411258
411560
411102
410906
409682
409550
409710
409684
410924
410548
411986
411556
411016
413218
413866
412354
411860
412622
413558
413310
413070
413756
412694
414024
412022
411916
412384
412990
412268
412050
410912
412304
410554
412336
411680
412590
412524
413312
413848
414182
414694
415800
415526
415964
416822
415252
415842
416228
416530
415020
414070
414236
414102
416798
416110
417370
416070
414940
415872
415114
415666
415306
415136
416220
415256
414472
415442
416414
413950
414006
414156
415246
415138
414536
413492
414068
411560
412956
413762
414562
414686
414524
414974
415012
415700
415598
415260
416272
417378
417244
415844
416376
416442
417342
419004
417538
417418
417562
416618
415516
415694
416392
416554
417940
417236
416950
415600
413976
415448
415444
415772
413998
414500
414070
416174
416636
417172
416722
414708
414924
415680
414062
416812
415702
416942
417410
415452
415898
416560
417072
418120
417972
417204
417046
416994
416782
416960
419584
419414
418256
418412
418098
419884
419642
419008
419692
418800
419698
418948
418508
417656
418646
419606
419262
418700
419278
418490
419262
419210
420296
419036
418190
417894
418434
417242
418390
417432
417174
418058
417278
418970
418290
417846
416500
417110
418268
417372
419416
420284
420184
419740
421368
420284
418364
420120
420028
419294
419698
419480
418322
417884
418228
417952
419284
418536
418544
419264
419224
419116
420208
420250
420472
420528
420634
421392
420550
421824
421574
420846
421504
420564
420832
419268
418784
419624
420864
420112
421988
420938
421296
420506
420382
421580
421334
422828
422544
421484
421292
421232
422794
420948
421902
419934
418862
419098
419898
419454
422724
421654
423582
422226
421266
420400
421406
420426
420292
420892
421496
420308
419238
420860
422138
422452
421564
421096
419852
420032
420864
420314
420638
419962
420426
422084
420766
420694
422926
423106
423824
422630
420632
422302
423686
422634
422588
422440
423564
424016
423628
424650
423952
423892
423034
423134
424448
426988
424086
423514
423984
424186
423986
422934
423152
422448
422508
423656
423022
423066
423542
422786
423036
422498
423158
423494
423076
422588
423820
423838
425370
424328
424228
423198
423826
423524
425286
426758
425428
425136
424372
425522
426130
425928
426314
426030
425922
425092
425484
426296
428180
426034
425770
425596
425778
425446
424342
424366
424162
426136
425834
425960
426302
425396
428722
427752
428644
428900
429668
429490
427824
426848
425130
424046
424874
424930
425428
427790
427606
427202
427088
427160
427006
428012
429582
428870
429088
428144
427736
426586
428018
427092
427088
427202
427516
428462
428232
428898
427582
428162
429506
429954
427230
426284
426236
425354
426898
427272
427088
426982
426996
427510
427928
426494
425408
426072
427038
426970
427956
427996
427442
427164
427020
426888
427188
425926
426408
427608
428462
427910
427900
426282
426182
427102
427744
427244
426740
427026
428076
427302
426496
428080
426286
426590
427224
426642
427508
427630
427622
426706
427810
428478
428960
426990
425770
426562
426110
425288
425154
426036
425114
426550
426368
427040
426332
426890
426712
426452
426072
424736
427996
428444
427594
427112
427682
428126
427902
430454
430442
429728
430282
429558
427718
428016
428388
429456
428280
427604
427498
426490
427842
428722
429900
429910
427824
427350
427822
428156
427374
426548
428158
428084
428220
428550
429198
429188
429130
429022
428906
428140
429886
429288
429236
428430
429024
430312
430720
431064
431172
430248
430874
430058
430920
431254
431170
431526
430352
429948
430370
432916
433578
432602
431162
431512
432006
433804
432918
433314
433124
433020
434716
432814
432420
432812
433276
433186
432904
432110
433960
433582
433306
432340
431466
432750
432900
434506
435238
433702
432864
433396
434038
433550
433484
433640
432960
434596
433968
434826
433984
432810
434098
433808
433364
434366
433494
433406
433506
433164
433484
432604
434018
433430
434488
435134
433950
433520
432648
432376
432360
431026
432000
431980
433244
433694
434402
434360
432780
433564
434018
434476
434764
434302
435250
433980
432876
433658
433640
432818
433474
433800
433148
433882
434142
433496
433110
433670
433372
432932
433498
431812
432612
431710
433516
432934
433336
432292
431496
432194
431462
431608
433760
435472
435230
434400
433838
433406
434044
434592
433300
432472
432354
433282
433042
433674
434278
433414
433904
435320
435086
434428
434342
436310
435574
435914
434794
434340
434020
432666
431286
432232
431912
432600
433558
434736
433480
434510
432922
434676
434296
433754
433188
434178
434088
435346
434450
434544
434482
434904
435404
436484
435554
435512
435556
435000
435834
437024
436280
437234
436524
436164
435572
436156
436398
435232
435640
436294
437518
438982
438720
438468
437092
435308
434970
435530
437016
435678
435622
437320
436894
436058
437700
437172
437406
436732
434364
434322
436762
437216
436164
437266
437740
437994
436974
437598
436936
436454
438546
437390
437724
437722
437794
437236
437346
437838
436724
437848
438254
437786
439126
439618
439038
439250
438578
437636
438812
439978
440054
439792
439198
438750
438020
439946
439670
438742
439522
439902
437780
437194
437876
437926
438732
436712
436008
438646
437934
437878
437964
436854
437062
436992
437384
436592
437612
437240
437108
438180
439298
439276
440540
440830
440450
440800
440460
440930
441512
441410
439412
438666
439712
439368
440632
440754
441836
441672
440776
440976
440130
440262
441630
442290
440730
440188
439864
440218
439782
439554
440580
440336
440040
439974
440434
439950
440328
439546
439040
437526
438468
438762
438446
439546
438566
438774
439906
440408
439754
440022
439818
438522
439396
439508
439992
440248
440308
439946
440118
441970
440818
441144
440526
440770
438676
440160
440606
442506
441624
440430
441458
441016
441198
441894
442248
440896
440668
439534
440692
442044
441880
442058
443510
442778
444556
442180
442266
440494
441200
441518
442506
442326
441384
441920
441970
441414
441336
441984
441240
441144
440636
440390
439550
438738
437616
438216
436832
438432
439364
439146
439200
440134
440066
439720
441720
442372
443316
443578
442900
442712
442382
442580
442822
443374
441534
442326
442752
442388
442462
442538
443828
443674
443012
443068
444190
443110
443050
442646
442174
442650
443532
441922
443748
444966
445040
443952
443248
442980
443256
442404
442184
441028
443150
443754
443112
443854
442616
441904
442468
443028
442640
441308
441910
443124
442880
443190
443796
444730
445468
446326
445230
446826
447070
447370
445704
444702
444126
444950
443696
443196
441782
444044
443998
443156
444412
445342
444860
445824
446966
446920
445170
444468
445170
444166
443096
445252
445466
443924
442970
443118
444630
444836
444466
442246
444394
444694
445634
445824
446696
445814
445162
444978
444464
444102
444828
444930
445056
445148
444346
444010
442842
443762
443468
443380
442948
442226
442456
444306
443776
443678
443234
444496
444840
445906
446874
445298
446210
444934
446142
446838
445494
447350
448240
446642
445812
444376
445038
445654
447336
445408
446900
447038
447740
446878
445346
446264
444552
443198
445094
444656
446012
446954
446768
447000
445924
447580
446256
446288
446732
448036
446200
446746
446578
447472
448074
447418
448372
447500
448394
447482
447004
447586
447312
447140
446376
445752
446002
446744
445222
444906
445228
446422
447278
446822
446718
446264
446162
445478
446082
446466
446146
446848
447316
446672
445976
445430
446612
447046
449064
448334
450508
450132
449736
448920
449264
448948
448582
446838
447556
447862
447920
447486
446922
445996
445966
447138
447506
448558
450408
448612
449560
450192
448898
448518
447990
446962
447208
449870
448478
447508
448022
447536
448660
448158
447460
446978
449120
449694
448414
447360
447804
447174
447318
446124
446764
445500
446182
445916
446970
446800
446852
447134
447468
448778
449566
448572
448872
449288
448700
448488
449422
451756
452068
451446
450152
448954
451962
452080
451730
449646
449080
449800
450590
450236
450566
450514
450484
449240
450346
449570
448166
449658
449744
449810
450284
450624
450218
450006
450830
449318
448576
448480
448712
449362
450938
449916
450528
450294
450212
449874
449462
450282
449314
448752
449514
449600
448996
448594
448142
446930
445848
445950
447570
448264
448372
448028
447950
447130
446532
445966
446070
446092
446608
446796
446678
448690
447538
447526
449264
450320
449856
448322
448722
449798
450854
451018
450326
452086
453096
453958
452168
452620
451154
450192
448772
449696
451166
449972
450560
449680
449478
452102
452792
450928
451716
452048
452808
451516
452096
450634
449960
451168
450346
449894
448628
448686
449498
449898
449436
450386
449864
450966
450866
451822
450218
450354
450150
449140
448994
448292
449450
450172
449424
448720
449520
449382
451750
451158
449430
450286
448356
448536
448434
447972
448650
449944
450044
447172
447856
448586
448870
449530
449684
450152
450358
450742
450852
449902
449058
449690
449636
450004
450402
451530
451342
451660
451180
450264
449742
450212
450138
448726
449746
448182
448500
450248
450986
451586
452944
451374
452386
453030
452542
453328
452420
452326
452140
451520
451450
451770
451226
452284
453506
452266
453086
451496
450276
450416
452012
453066
453302
453552
453836
453402
455508
454888
453800
453040
452914
451018
449704
448896
449374
450118
450338
450246
451404
452112
451778
449214
450116
451310
451576
450788
449854
451794
451428
452086
452568
452206
451740
451446
452154
450832
452044
452826
452074
453260
453838
453732
452490
452066
453286
452336
452324
453136
451416
452052
451146
452534
452698
453508
453886
454068
453360
452616
451864
451298
452814
454074
454474
453942
455808
455214
453792
452726
453752
453786
453276
453376
453394
452988
452260
453304
452874
452090
453132
452408
453222
453684
454702
454596
454902
454044
454244
454692
456074
456382
456866
455532
454374
454886
452762
454082
454160
454236
454152
455706
455200
455262
455268
455694
456186
457610
457310
456974
455350
454778
455762
455630
454212
455226
455572
455402
453936
453874
455106
454394
455770
456608
456742
457596
456326
456502
456506
456356
454522
454134
453712
454532
454438
454352
451838
451720
450662
451140
452066
452698
452324
452780
453214
454442
454272
454540
454628
454204
454360
454088
454692
453716
455182
453610
454386
454748
454358
455284
453990
454598
454420
454346
456180
456658
456908
457392
456956
456998
455792
455372
455986
455612
457126
456294
457750
457160
457530
457890
457218
458352
459138
459076
460022
458444
458088
458242
459040
460926
460596
458214
459718
461050
461866
461866
461404
461234
460274
459542
458324
456042
455188
456166
456086
455994
456422
455796
455606
455504
455108
456472
457572
456556
456048
458380
458888
458602
457406
456488
455638
457964
457782
456704
457270
458608
458934
459018
458294
457464
458052
458068
457140
457002
456558
456472
458020
457864
457934
455846
456538
457760
459414
458118
458628
459636
459940
458132
459510
458632
457914
460022
458558
459196
459346
459454
459678
460070
457580
457174
458630
460036
459886
461198
460228
460100
461106
461622
461612
462050
461796
460854
459952
459792
459320
460016
458340
456960
458640
459974
458520
458828
459958
458562
458728
458218
459786
459644
459988
460462
458600
458948
458838
460518
460168
460850
460486
460590
458960
458348
457774
458276
458964
459180
459196
459906
459952
459624
458614
458496
458808
458572
457908
457972
458582
457798
456826
457622
456754
456928
456198
455906
458106
457878
457564
457904
459606
459694
459728
460472
461080
461346
461700
460564
461602
461892
460924
460486
461078
461972
460574
461064
461128
461590
459170
459644
461148
460376
461136
460408
460762
459332
458546
459526
461164
460608
460920
461474
462654
461406
461056
459898
460578
461260
460414
460234
460184
459486
459396
457402
460066
458732
458386
459252
458390
459370
459652
458034
457170
456802
458756
459560
459882
460130
458320
458480
459226
458754
458112
458972
459136
459538
459226
460152
459830
458378
459314
459844
459650
460096
460284
459088
458940
458890
460256
462054
461676
460878
461536
462496
461310
462258
460714
461680
463230
463084
462634
462782
464122
463488
462214
462888
461986
461894
462474
463138
462644
462298
462912
462688
462944
464512
463584
462438
461716
463022
461486
461244
461444
460440
460042
461272
461062
461020
460766
462578
461634
460940
461612
460772
459728
460588
461350
462200
461416
461504
461178
463022
462796
462804
463532
462682
462854
463574
463822
463912
463842
462850
462970
462150
463232
463050
462148
463304
461860
461320
461206
461712
461532
461660
461652
463720
462634
462590
463466
463294
462268
461712
462160
461172
461708
461156
462018
462846
464714
461724
462342
462812
462780
461020
460726
461964
462060
462020
462788
463540
464468
464870
463948
463676
462440
463224
464550
462860
462340
462268
462146
461524
462284
463340
464428
463118
461412
461350
461260
461994
463462
461444
461850
462592
461930
461508
460034
461500
462336
462102
462000
462056
463142
463498
462868
464746
462540
463050
461918
462558
462814
463016
462942
464838
465502
466940
465666
465114
464168
463406
462548
461958
462026
462766
464218
463968
464478
464172
466446
465268
466484
464998
465910
463888
464100
465400
464066
465012
464858
463792
464360
464134
463336
463970
465062
464162
464770
464112
463872
464506
466168
463986
463964
464378
463336
463028
463652
465524
464544
465254
464232
463440
465454
463484
462040
461624
462828
462334
461448
463054
462464
464088
464714
463620
463894
463682
462538
463470
464342
463678
464130
464058
464920
464912
463916
463982
463524
463130
463362
463358
463086
460862
461330
461764
461794
460572
460392
460996
461968
463180
463684
462844
462398
462512
463828
465052
464386
463440
463934
462386
462072
462138
462444
462624
463768
464574
464072
462004
462580
461204
462190
461564
460920
463884
462504
460730
460754
461672
462434
462648
461314
460758
461594
461902
461932
464144
463378
463398
463552
462792
464332
464480
463536
463404
463018
464408
463724
462842
464240
464192
462038
462484
463812
463644
463446
463418
463812
463924
464150
464120
464746
465608
464692
465192
465164
464464
464388
462666
463732
463950
464680
463662
464758
464324
463578
465262
464982
464034
464428
464196
465316
465292
465030
463772
464246
466110
466244
466262
465716
464198
464608
464964
463584
464156
464736
463930
464338
464784
463942
464682
462742
462478
461842
462018
463506
464098
464270
463858
465084
463660
463934
463990
464132
464162
465026
466182
465440
466458
465498
466846
466852
466784
465120
464772
465544
466134
465216
463668
463250
463414
463484
462948
465476
464886
465260
465806
465514
466818
466514
465102
465142
464080
465020
465112
465214
465948
466158
465918
465394
464288
464188
466264
465764
466044
466206
463670
465118
466054
465270
465406
465536
465050
465216
464562
463816
464250
463956
463360
463458
463964
465008
464782
464522
464366
464088
465184
465634
465794
465920
466924
465960
464610
465302
465738
466018
466472
465240
464470
464932
465402
465262
465682
467014
464438
465308
465420
465500
464780
464130
463564
465832
464636
463456
464810
464354
465756
466648
468072
468592
468136
467148
465562
467088
467764
467244
468354
468042
467010
468064
469014
466996
467146
467110
468782
468688
467606
466064
466428
467912
466996
468796
468366
469132
468250
467466
466014
466656
463518
464582
466000
467032
467324
468356
467146
468212
468092
467672
468018
466262
466624
467766
467786
469250
469652
469188
468546
469090
468254
468348
466708
466558
467428
467226
466730
466074
466656
466528
464928
464904
465936
464984
465510
464290
464496
464814
465852
465538
465322
464660
465878
466704
466680
466150
467246
467950
467336
467474
469000
469492
469844
468344
469170
468418
466966
467070
466322
466246
465006
466618
467520
466054
467656
469130
469840
468198
467844
468892
468322
468030
468432
468402
467328
466802
466500
466206
466806
466624
464792
465058
464008
464754
467380
465986
466252
465772
464574
466238
465078
465270
465972
464722
466004
464976
465400
466610
465022
463524
463136
463730
465298
464506
465804
466136
465794
464448
464222
464226
465540
466008
465336
466546
466912
466108
467618
467152
465376
465130
464322
464236
464340
465814
464874
464768
464452
464348
463736
464760
463786
463512
464070
464064
463998
463704
463776
464094
463642
463168
463486
462230
462992
461984
463294
463712
463738
462288
462124
461952
464288
463938
464348
465484
466092
465928
464856
464942
467082
465284
465550
465766
466164
466788
466862
467366
466972
466048
467970
466162
466914
466602
465834
465920
465584
467076
466392
467558
465562
465724
466164
467248
467394
467176
469028
468118
468158
469450
468388
469738
468798
469078
467864
467408
469176
469140
469600
470256
471110
469196
469278
470118
468722
470130
469618
469976
469410
470300
469144
470114
470738
469938
470476
469412
469632
469020
468264
468594
469556
470026
469356
467120
467038
468322
467806
468470
469302
467822
468994
468132
468902
469614
469352
469818
470314
470840
468670
467774
468914
467160
466712
466712
468978
468552
468268
469060
469198
468626
468880
468480
468684
470124
468454
469584
468650
468540
467722
468058
468018
469598
468002
468964
467822
467190
467468
469102
468952
468130
468706
469216
469218
470212
470214
471264
470258
469674
469652
468210
469698
470034
468176
468268
467342
467306
466030
466810
467110
467916
466784
467982
468570
469040
470334
469422
468220
468758
468792
468120
468294
469662
467916
468052
468836
467864
466916
465526
466136
468122
468380
468258
469628
468574
467274
468910
468030
467816
466834
467572
467908
465282
466138
467122
467088
467162
466172
465934
466772
466596
466286
466556
466922
465528
465580
464738
464376
465552
466240
465748
467866
467252
467408
468394
469058
469318
467776
470316
469824
469804
469228
468912
468294
468974
469554
469218
466204
467156
468580
467484
467268
466454
467280
466230
468468
467876
468700
469234
468052
467110
467912
466844
469540
469992
469498
469116
468058
469882
469840
469004
467726
466802
465936
465708
466702
467112
465970
464972
465958
467506
467466
466820
467188
467500
468454
468320
466830
468300
469806
470728
469572
469894
470352
469714
469348
470234
469316
469844
469980
470280
469660
468436
468928
468740
468834
469322
469790
470848
471028
470442
470890
470670
471350
471402
471728
471624
471262
468952
468990
469382
469800
470240
470032
468924
468960
468394
467518
467436
469488
470490
468962
466932
467568
468610
468760
468024
468530
469138
470206
468668
468900
467942
468052
468866
468576
469010
468438
468944
467658
468214
469356
469234
467844
468172
468588
467658
467300
467624
466728
466864
466018
470060
467948
466654
467860
467388
465984
466506
466268
466612
466666
466640
466316
466478
465494
466894
466216
466062
466616
466770
469396
469328
469260
469004
467354
470216
469824
468420
467636
468548
468976
469056
469520
470562
470414
470514
472224
471614
471508
472368
473178
472216
471862
468702
469950
471000
470294
473532
473288
472248
472300
472390
471790
471788
472554
472650
472026
472164
474412
474420
472524
470994
471570
470574
471278
471350
470604
470244
469654
470318
468556
469074
469744
468560
467814
466872
468092
469308
469362
469176
468772
469434
468380
468156
467364
467430
467658
468594
468860
468350
469274
470958
471404
470492
470884
470070
471096
471120
471106
472974
471780
471608
469986
469754
469678
470924
470256
471172
470556
470892
472316
471294
471758
471774
470200
470920
472590
471754
472910
470708
470146
468596
471008
470756
469606
471320
470550
470734
468446
468018
467512
468096
468908
468620
469460
469224
469904
468920
469838
469212
470412
468950
468990
470148
470156
467878
467828
468404
469338
470614
470116
470724
471452
472184
472230
472746
472330
472640
471962
471554
472028
471128
471934
470086
471536
470720
472302
472978
470818
470088
469558
470022
471248
470022
471486
471350
470398
471340
470792
470248
469804
469216
470818
471374
472998
472056
470900
471626
471818
472340
472388
471990
471638
472164
472170
471004
471770
471414
471914
472308
470424
471006
471028
469826
469432
470546
470682
471274
470508
469500
469434
469052
468544
469414
469068
468290
469674
469848
469698
469298
469866
470842
470444
470826
470506
469898
470316
471408
472418
472420
472286
472698
471704
472446
471904
470830
471012
471794
472194
471786
470834
470542
471354
472114
472296
472346
472868
471878
470904
470654
470636
470406
470906
470984
471034
471480
470994
471428
470530
470760
469412
470744
472570
472796
472378
472170
470948
469874
469884
468982
469864
469410
470304
471198
472290
471872
472568
470798
471056
470818
471716
471380
472200
472492
470914
471114
471170
470644
470542
470482
470868
469606
470922
471194
471718
470856
471202
472116
470866
469832
471296
472150
473354
472784
472546
472624
472552
472018
472268
471952
471172
471502
471906
472602
473064
471254
472274
472894
473740
473382
471788
472932
472648
472764
471962
472228
472500
471362
471322
474712
474916
475968
474586
473674
472844
474346
475006
472232
473676
473194
474038
472928
472992
472930
472814
472842
472658
474466
474092
472668
472014
471088
470758
470732
472794
473336
472316
471646
472176
471960
471246
471068
471878
470986
472360
472648
472576
472934
471942
473296
472394
471616
473062
474236
474786
473388
473756
473588
474254
474606
474562
474750
474824
473920
473548
472546
472398
470832
471658
473872
473416
471792
472450
472764
471770
471590
470600
471722
472468
471986
471646
472034
473962
474092
473232
473428
470650
471770
470706
472464
473384
471660
471922
471762
471654
471808
471592
470984
469530
469678
471110
471072
470948
470706
471204
472154
472250
471840
471320
471638
470966
471648
473120
474270
473282
472640
472336
471796
472640
471668
470508
470482
470928
472264
471900
472922
472812
473024
472588
472440
471416
471094
471628
471924
472384
473186
472002
473346
474980
474584
474110
475478
474248
474540
474222
473010
473584
472708
473026
473540
473994
474114
474998
473944
474152
473900
473114
474612
474566
474952
474400
475526
474960
474294
472730
472680
473080
474388
473486
472550
471570
472408
472552
472364
472334
472762
471972
470536
470438
471108
472084
472616
472126
472172
471650
472812
473216
473398
473188
472884
473258
473168
472496
473368
472706
474132
474420
474826
475644
475842
473684
475188
475830
474480
473702
473404
473366
472330
473912
473082
472256
472736
473392
472798
473672
474494
475718
476378
475122
474064
474742
473392
472956
472126
472676
474262
472630
472734
473538
474740
474372
473642
476452
474784
473156
473912
473308
474622
474792
473828
474988
474994
475950
475592
476538
475682
474810
472712
472250
472028
472166
473242
474666
474122
472804
473178
474894
474030
473434
472258
471550
472438
472482
472634
473488
473602
473416
471722
472140
472858
472216
472276
473700
472606
474026
474534
473438
474066
474210
473974
473202
475250
474228
474564
475166
473496
473438
473498
473396
472782
471732
471270
472272
472636
472504
473598
473686
473724
472908
472238
471554
471678
473382
472798
472568
473210
472854
473052
473020
472998
472926
473554
474612
474518
473812
473914
473330
474628
473276
474558
473708
473952
473362
473752
474492
473668
472774
474360
473804
474248
475208
473616
473280
472550
473862
474008
474464
475272
474666
474224
473868
474638
475438
475882
475358
476190
474948
475654
475468
475678
474706
474656
475074
475044
473662
472436
472634
474656
473938
474708
476316
476654
476394
476214
474534
473494
475932
475496
475504
475680
475810
474712
474388
475384
473762
474216
476540
476610
476528
476696
477268
476766
476268
477116
474844
475486
474632
473802
473122
473120
472352
470490
471746
470146
471862
472830
474242
474608
474454
474920
473604
473872
473144
473718
474560
474562
473880
473098
473626
476040
473764
474040
474672
474300
473268
472970
473694
474692
474726
474312
473594
472612
473314
474860
475274
474020
474124
473980
473850
472810
470422
471960
472198
472502
472958
473802
474304
474556
473338
474112
473230
473214
473584
472590
474262
473264
472538
472958
474332
473642
474890
473838
474690
474240
474338
472418
472498
472344
473556
472270
472918
474038
471866
474246
475466
475142
474528
473520
472768
473388
472714
472250
472738
474080
475482
474504
474188
473736
471128
472876
473394
472680
472112
471972
473598
473188
473180
473734
473558
474068
474628
476054
475778
475154
473508
473862
474722
473706
474844
473634
473554
473424
474714
475688
473430
472672
473226
474072
474894
475354
474880
473726
474606
474350
475302
473722
474408
476350
475050
474468
474232
473356
472746
472640
473810
473448
472174
471650
472034
473400
472768
475538
475416
474792
476964
476366
475372
476178
476316
476002
475702
476050
476546
475474
473820
474070
475694
477042
475654
474122
473860
476252
473432
475000
473990
474106
473724
473758
475356
476128
476024
476936
476466
475934
476114
476582
477416
478016
478246
476178
476710
477018
476698
476028
477062
477874
478716
479048
477746
476254
476324
475620
475546
476408
474610
473956
473732
473712
472710
473404
474864
473198
472730
473728
474432
474330
475850
475618
474306
474822
473506
473664
474658
477484
477732
477154
476800
475468
475710
474020
475372
476114
476388
474040
475054
473622
472782
473274
475358
474188
473680
475616
477048
476194
477086
476208
476078
476166
474908
474966
474410
476196
474304
474244
475952
474360
474462
474262
474902
475626
475418
475104
474800
475322
475054
474986
474454
475356
475486
476186
476742
476064
476250
475408
476200
474788
474582
475322
475690
475690
474256
474206
474784
474720
475312
474642
472888
473472
475080
476644
475914
474688
475440
475474
475318
476626
476792
477164
474600
476050
478150
477018
475788
477096
475486
476144
477346
477362
477438
477400
476170
475602
476096
475528
475780
475760
476844
475852
475386
475536
474584
475374
476444
476234
476704
475522
476010
474872
474204
475634
473258
474082
474448
475740
476824
477338
475876
476080
475166
476256
475516
474680
474718
474790
474824
474950
474998
474442
472534
473098
474436
474712
474854
475296
475120
475270
475304
474740
474476
475072
475116
474986
475976
475152
476856
475944
474870
475244
474070
475916
476064
475062
475992
476316
475918
479560
477284
475752
475584
477844
477672
476310
477046
475944
475698
475856
475402
475940
475440
474494
473602
475088
476098
476382
475206
475760
475740
474748
473778
473778
473910
473332
471558
473770
473398
473812
475724
474442
474922
474614
475438
474736
473916
473810
473978
474030
473888
473104
472044
472502
472570
472584
472078
472598
470810
470774
471296
472152
472902
471872
472808
472910
475294
475754
475362
475338
475806
475514
477310
475140
474726
473558
475148
474878
477168
476260
474340
475808
475332
473914
475950
473416
474352
474172
473716
473746
473800
474492
475598
477260
476706
477524
476042
474304
474068
474126
474612
474662
475158
475352
475626
476876
475804
474974
476152
477112
478436
477282
476802
477126
475814
475496
476798
475922
475598
476930
476090
477278
477240
477890
476290
476440
477186
477652
478080
475670
475922
477858
476276
473656
475024
475578
475148
474686
475302
476862
478058
477150
478082
478858
477742
478262
477094
477264
477886
479656
479334
479620
479066
479126
478676
478840
477498
477148
477980
477730
478748
479464
479106
478382
479184
479158
477712
475906
478320
476480
476656
477900
476654
477016
476628
476446
476658
476644
477226
479422
477424
476454
477426
478254
477748
477928
478762
477882
478060
477800
477246
475340
475874
477102
476234
476372
476324
476198
476220
476374
475032
475166
476084
476560
476084
476378
478908
478212
477614
478224
477404
476720
475742
475698
477648
478052
477892
478370
476926
476740
477076
477882
477212
477368
477032
476322
477480
476948
476574
476362
476202
477162
476034
476398
477400
475956
475620
474092
474464
474652
475306
475410
474974
474950
474086
473224
473262
474462
475494
476594
474934
474468
475894
475868
476566
477532
477186
477878
476794
477860
478124
478270
477516
477492
478040
478182
477164
476842
477510
478480
477266
476072
477616
477092
476576
476416
474248
473068
474374
474962
474242
474604
476128
475502
475886
475260
475620
477452
479186
478356
477364
478316
478246
478846
478922
478302
477508
478336
478110
478226
477370
477000
476274
476930
475460
475676
475074
477466
477078
476274
474610
475154
474218
475156
475122
475270
473820
474036
475698
475058
474966
475826
474690
475728
474272
475416
477112
477312
477520
476312
477156
476842
475670
477342
475180
476296
477180
476876
475780
475680
476510
476712
476232
476350
477092
475894
475872
475836
475314
476250
477240
478216
476272
476652
476758
474596
474956
475934
475908
475546
474340
475682
474902
475938
475224
474796
475020
476554
477632
477208
476176
476406
476942
476718
476978
477782
478330
480098
480162
477628
478902
480516
478752
479170
477560
478312
477442
477704
476758
477308
477274
478564
478868
478448
478958
479228
477806
478594
478932
477606
477762
477266
476058
475432
475932
475856
476286
475182
478252
477168
476632
474584
475252
475082
475230
474952
475406
478044
478904
479452
479194
479442
479520
477996
477154
477474
478874
477998
477896
478452
477670
477168
475606
476250
475750
477294
477668
476798
476848
477408
477092
475814
475302
476722
476928
476540
476820
475510
476208
476690
477224
476252
475318
476290
476620
476920
476926
475580
476800
476248
478012
477998
477264
477112
479188
479474
478502
477064
476630
476558
476632
478574
478406
478034
475940
475416
475948
476456
477046
478504
476126
475202
476518
476898
477830
477168
476660
476524
476886
477208
476652
477754
478382
479022
477010
476514
477348
477274
477774
477078
476932
477490
477786
478508
478072
479166
479046
478668
478760
480256
480742
480588
480366
479806
480226
477340
478138
478316
477068
477374
478404
479006
477910
477390
478298
478716
478336
477414
477080
476558
477114
478510
478442
477840
479210
479340
479306
479466
478792
478054
476992
478054
479040
478450
479376
478988
478136
478170
478460
478210
479668
479244
478570
478062
476906
478382
477706
478604
477922
478676
481176
480368
477968
478078
479140
478202
478278
476056
477158
478298
478166
478492
478806
478548
476800
474872
473886
474158
475048
474698
476282
475846
477334
476474
476400
476194
477282
476232
477200
477194
476152
478130
479188
479718
479412
478466
477784
477648
477650
478192
479270
478560
478684
478790
477990
477702
478180
476978
477554
478900
479440
479572
478588
476710
476344
478068
478962
479694
479524
479120
479008
478446
478746
480330
481666
480254
479020
480104
480352
479458
479684
479588
480116
480172
480190
479868
479086
478494
477048
477094
478408
477982
478200
476862
477422
477882
478826
479146
477302
478876
479988
479010
478828
477728
476940
478328
478694
479012
480440
480300
479626
479696
479418
479032
479540
478298
478904
479610
479302
480618
480322
478364
478210
479188
479430
479480
478828
480316
479272
479470
478444
478750
477386
479234
480308
479232
479090
479652
478588
477506
478156
477658
477612
478782
477656
478176
479012
477446
478182
477288
477358
478076
477822
478290
478868
478000
478748
478158
479502
480078
479658
479462
478628
477520
478298
476546
478726
479234
479386
478474
479544
478920
478962
478438
478946
478924
481374
480466
478366
479802
480182
480158
481150
480898
482100
481798
480544
481244
481606
481722
482166
480858
482128
481216
480008
479748
479832
478862
478582
478454
477324
478658
478838
479670
479194
479212
477778
478274
478212
477360
478426
479552
481106
480208
479940
481348
480724
480392
480358
480594
480142
479514
477630
479254
477976
478060
477460
479078
477386
478590
478158
479362
479106
479830
479330
480584
480156
480564
479554
480378
480634
478882
479416
479710
480696
479774
479224
479004
477458
478958
478978
480124
480010
480038
481208
480784
482170
480666
479178
478256
478860
480178
479460
480100
479412
479006
479146
478118
479936
479682
480454
480284
480044
480706
481764
482154
481468
481450
480920
480740
479264
478894
480638
480536
480768
480440
481382
479740
477994
479810
479888
479634
480312
478638
478582
478954
480498
480232
479638
478520
480018
478630
478974
480924
480338
479540
481292
480340
481496
479692
480042
478556
479406
480038
480084
480334
479690
480174
479676
480060
481196
479450
478100
478978
480144
479462
479856
479950
479806
481780
481394
482328
481514
482428
481440
480964
480190
480098
478202
479092
480208
482250
482688
482154
481086
481024
480106
479946
480076
480238
479216
478884
480022
479548
480532
480540
480242
481100
480610
478938
479990
479694
480378
479592
478820
479796
479084
480504
480056
480558
481698
480302
481072
480210
480498
480006
480542
480742
481702
481658
481842
480744
480542
479668
479812
480702
481076
479934
479894
480310
480288
482480
482648
481982
480394
479966
479960
480012
481080
479058
479812
480698
480196
481250
480288
480978
482638
482690
481954
481216
481508
479944
480566
480182
481046
480784
479908
480316
480646
481330
481024
479444
480488
480730
480556
478436
479140
477814
479668
480066
479120
479408
479052
480622
481288
481418
479936
479212
479280
481468
481764
480642
480340
480462
481182
480882
482102
481338
482124
483182
483728
484276
482540
482046
481636
481316
482792
483888
484126
483652
483720
481948
483328
482928
482944
483022
481436
480760
482264
483136
482194
483024
482822
481076
481770
482386
482672
480738
480522
479882
480718
481116
480336
481666
481052
481140
482042
481216
480932
480806
481630
480312
479598
479178
481078
479050
480054
480658
481046
480072
480366
480716
480592
480874
480548
480004
478826
480668
478950
479418
480620
480408
482468
481710
480570
481842
482054
481604
480886
479226
480938
479522
479932
481156
481768
481314
481706
481460
480582
481460
480866
481218
480452
480556
479812
480020
480278
480588
480674
481154
480976
480018
481198
481618
480622
480158
482614
483398
482262
484030
484636
483384
484100
483392
483200
483828
483428
484170
483428
482718
483932
483110
482870
482928
481618
481602
481810
482400
481926
481858
481946
483344
481904
483010
483966
484330
484076
482018
482770
481110
480748
481886
481194
479840
480532
479986
481086
480492
481694
481068
479596
479898
480094
481156
482480
482004
482454
482514
483100
481760
482090
482068
481776
483478
483234
483130
482422
483018
482434
482358
482032
481032
480622
479790
480976
480270
480300
480730
481910
480188
480678
482626
484086
483212
482602
482072
481498
481866
482372
484176
484582
484148
483324
482950
483866
484046
483290
482738
482936
482702
482304
482384
482952
483180
482966
484414
485126
484330
483922
483646
484116
482600
482610
482604
483512
481908
481736
483766
484138
484224
483260
485500
486520
485284
485606
485274
484582
483628
484036
484020
483978
483088
482546
484408
485528
483672
483320
482970
483346
484950
483422
482636
483354
482786
482604
483656
482622
483496
482770
483164
483794
483652
483374
483770
483356
483328
484692
484772
484102
482796
482930
480720
481816
482694
480512
482804
484544
483822
483048
482840
481956
482134
481870
482604
481932
481634
480506
479400
479554
480208
479390
481314
482918
484024
483848
482340
483182
483302
484264
483722
484544
484246
484886
485342
486306
485750
487108
485900
485746
484594
486002
484602
482792
482888
481950
482730
482908
483128
482450
481638
483494
483816
482114
482766
483288
483226
482148
481654
481066
482566
483214
483228
482620
482808
483524
484000
482728
482954
483576
483432
483172
481876
480452
481122
479684
479586
482442
481618
481218
482544
481484
481140
481422
480686
481854
479928
480106
480036
480420
480032
479788
480276
479438
479574
478964
480756
480864
480110
480162
480408
479570
481034
481508
481048
481842
484200
484472
484314
482282
482528
482558
482532
481622
481626
481496
481326
483206
483920
482806
483848
483850
483244
484034
485318
485274
483876
484180
483758
484406
484492
483550
482556
482916
482894
483378
483760
484796
485488
483568
483086
483176
482936
482660
483462
483588
481780
485154
483300
482822
484252
483806
481444
481208
482640
482998
483368
483920
485372
484612
484440
485562
484224
483718
483058
483184
484058
482782
482582
482046
482078
484606
484608
485494
485562
484348
483222
483696
483842
485026
483050
482612
483578
481584
482832
482922
482626
482512
479966
480598
481098
481410
482182
484360
484148
484492
484564
484020
484274
483108
484242
484080
484632
483890
484478
484086
484462
483820
484006
483786
484320
483724
484220
484166
485182
484366
484240
482182
482610
482312
483238
484966
484320
483764
483092
483056
483234
482482
482484
481782
481994
483436
482630
481310
482906
482246
482682
482688
483384
483222
482992
483264
482988
482134
484078
483502
482922
483668
484798
484110
483736
484678
483650
482686
484438
484138
482448
483172
484394
484830
484398
484244
484930
484418
484360
485718
484678
483320
481272
482162
483350
484270
484760
485402
484036
482326
480522
482404
482460
483346
483448
482586
483470
482638
482674
482158
483310
483862
485066
485854
484358
483358
484822
483684
485584
484204
484940
483974
482970
482146
482738
484596
482848
483192
483670
483196
483464
482808
483036
484110
485068
484366
485984
484990
484304
485186
486682
487262
485874
485934
486742
484890
485082
484218
484788
486984
485764
487334
487472
486878
486514
487004
485808
484162
485508
484406
484952
483774
484664
484026
484506
483340
482638
483180
483196
483880
482680
482204
481518
484136
485054
485414
484678
484762
484358
482614
482572
483798
482866
483244
484764
483234
481162
480878
480538
481490
481424
482566
483104
482306
482106
484108
484318
485948
485638
485106
484430
484250
483604
485510
484736
484486
484894
484624
486392
484466
484994
483280
483706
482476
482658
483338
485490
484122
484570
484656
483874
483814
484632
484136
484336
485686
484722
484250
483722
483434
483828
484662
483794
483978
484774
484178
482402
482720
484108
483350
482140
483426
483094
483288
482612
484380
482796
483086
483082
485038
484878
484672
485604
484918
485130
484054
484712
483230
484202
483462
483158
484230
484576
484930
485366
484422
485414
484758
485582
483806
484172
484892
485206
483824
484716
485758
485048
484500
483322
484066
483412
484460
484452
483680
483584
483952
486148
486524
487104
487132
486746
486650
486388
487548
486464
486682
487522
488270
487976
487176
488158
487332
487086
485810
485598
486272
485572
484968
484858
483738
484180
483516
482566
483424
484030
482568
481362
482228
482598
482406
483516
483932
482948
483612
483634
483766
483470
482352
481342
482476
483520
483890
483692
481752
483766
483772
482556
483442
483502
483034
483396
483512
484524
482800
482076
482620
481494
482030
483614
482440
483408
483580
484018
484512
485532
485244
484724
484786
483646
482194
481714
481700
483594
482676
483912
482110
482648
483670
482844
484130
485724
485080
485600
485586
485850
484744
483806
484746
484844
483910
482648
482830
482550
481914
483264
483790
483448
484098
483642
484628
486692
485988
485630
485020
486090
484430
484840
485770
485304
485934
485986
486826
483272
484924
484070
483466
484316
484816
483706
483814
484352
483888
483398
484470
484570
484818
484280
483340
482530
482546
484366
484536
484846
484704
483188
485530
484480
484696
483866
484006
484688
485764
486588
485896
484890
484688
483840
484348
484474
484440
484856
485078
485962
486526
485518
487310
487740
485806
485978
484832
484714
487958
486136
485940
484248
483010
482728
482266
481500
482156
481920
482850
483576
482714
482148
483480
482178
483010
484436
482842
483356
482614
482212
482732
483270
481738
482494
483248
482874
483476
483482
484130
482754
483170
484552
486040
485640
482992
483350
482778
482296
483298
482446
483282
484058
482338
481850
482710
481944
484654
484034
484678
485526
485584
485778
485330
485672
486286
486536
485686
485834
485182
485020
484502
485828
486036
486288
485532
484730
485722
486842
486876
486942
487226
485722
484018
486810
486140
484592
482496
483258
483250
482892
481888
482312
481832
483816
483886
483644
482504
483984
484558
485692
486532
484590
486268
486556
487330
485844
485454
486372
484898
485998
485952
484868
485626
485068
485316
486094
485876
485268
485378
484648
485212
485792
484736
485004
483646
483092
485368
485786
485106
485632
486170
485496
485272
486524
484928
485402
485190
484678
483714
485694
486386
485946
486116
487320
486414
484410
481488
480448
481490
481978
483204
483148
483406
483714
482898
482982
483582
484538
483016
483738
483964
484726
485116
485526
487018
486998
486988
485814
485850
484864
485130
485006
485308
486416
485208
484294
484674
484096
483864
485386
484104
482094
484792
485132
483176
483108
483010
483352
482200
482846
482836
482396
483618
483508
482372
482590
482886
483340
485336
484214
483402
482792
482762
483152
482558
481876
482528
483252
483490
483822
483508
482540
482746
484690
484282
484496
484678
484520
485376
484818
484786
482988
482768
483832
484272
483962
483438
484950
484096
483666
485078
484428
483380
483210
484480
485552
485996
484460
485486
484810
485272
485004
485842
484940
484374
485438
484542
484004
483354
482760
483028
481508
484036
484942
485836
484860
484396
485430
485136
485202
485932
484140
483594
483710
484248
484814
484518
484964
483748
482000
483742
483136
482344
481590
482526
484628
484400
483572
483090
482120
482380
481696
481708
483266
483458
484172
484658
485408
485758
485962
485948
484686
483736
483244
483288
482742
483934
485576
484880
485276
484306
485624
484506
484986
485396
483430
485002
485336
485944
485034
484384
485544
486388
487120
485276
486806
487006
485716
486336
486416
487238
487070
487718
486898
487630
486252
487034
486682
487070
487174
487170
485866
486776
486558
485854
485800
484958
485804
485030
485908
486654
485974
485312
485482
483846
484298
484260
484952
484572
485054
485370
484362
483486
483572
483616
483384
481878
482440
481388
482524
482104
483638
482096
481824
482412
483588
484086
485048
484492
485336
486238
484990
484040
485346
484896
483240
485180
485312
484160
485848
485296
485176
486526
487464
485770
485906
485256
485516
485710
485718
487744
487062
487212
486936
485850
485044
486122
485282
485786
485170
485616
486256
485862
486910
488236
487208
486540
485572
486618
485764
485690
485038
484946
484736
486240
486874
486648
486358
485472
485190
484268
484634
484092
483678
483572
483192
483892
483802
485898
485408
485750
486494
485060
484686
483550
482750
484848
484746
485754
484782
483378
484474
484602
485374
484228
485328
484776
484388
487068
485952
484808
484132
484042
485094
485704
485782
485202
485636
484900
485784
486050
485640
486066
483572
483934
484698
484492
484416
483410
483252
483528
485132
485336
486044
484510
483282
484356
486198
486660
485756
484196
484858
484614
483630
484556
483478
483836
481686
483474
480086
481228
480924
482178
483050
482632
482166
482630
481404
482150
482484
482596
482606
481640
480868
481464
482182
481256
481662
482964
481732
483080
482844
482112
484116
483720
484802
486066
486014
486260
487226
486766
485860
484988
484470
485372
485348
483770
484974
485416
485432
486744
485448
485442
485842
485794
486362
486244
484722
486500
487436
487710
486148
485212
485536
486254
485362
485940
484966
485420
486448
487502
487080
488034
486778
486928
485452
485592
485008
488138
486980
485874
486508
485538
485168
486158
486738
485650
486036
484924
486166
487600
485716
484542
483726
484340
483574
483672
484450
483780
485062
484354
483946
484318
484944
484962
485380
486398
484904
483516
483646
483114
483174
480858
482452
482834
483132
483936
483378
480322
480526
480788
481674
483742
482928
483992
482758
481776
481194
483526
481380
482678
482702
483600
484202
485110
483496
483842
486338
485768
485164
484560
484314
487282
487032
487804
486134
486700
486686
485308
485124
485264
485782
486286
487880
487690
487222
487092
486010
486190
486232
484748
486154
486642
488222
486548
487556
487260
487644
487130
487008
486516
486876
485098
485992
486240
486022
484298
483302
484274
483860
484268
485018
483366
483484
483974
484402
483836
482926
483768
482946
483124
481864
481796
480860
480364
482194
482348
482002
481130
479614
479392
478942
480550
483910
483920
482528
483430
482524
483114
483616
483734
484016
483474
483460
484106
484892
483500
484162
484014
484364
484132
483952
483968
483026
483342
483462
485132
484892
484836
485432
485484
484846
486398
484700
485118
486260
484830
486160
483534
483996
482524
484784
485000
484106
484306
483442
484386
484434
485522
487370
485860
484944
485390
484482
483294
483098
484504
484702
485054
484648
486240
486870
486134
486440
487404
486648
487484
487186
488146
488356
488414
488490
487490
486216
485970
485194
485276
484394
486188
485480
486464
486266
486740
484416
484298
485464
484882
486176
485710
484164
484520
484742
487054
486154
486300
486708
487398
486974
486486
487560
486168
486422
485312
485250
484602
486160
486052
484260
484330
486472
487210
487288
487308
486330
486552
485680
487300
486160
486222
487070
487742
488242
487098
484288
485420
484782
484804
484448
485192
486446
485960
485368
484052
483554
483168
484102
483944
484368
485664
484904
485980
486966
484434
485118
484384
485068
485474
484306
484484
485526
484484
485032
485956
486278
485106
484702
484974
485482
486818
486322
486536
486346
484112
485366
484786
484776
485192
485102
484396
487042
486898
486470
485438
485410
483736
484716
483710
484228
484984
485028
484954
484778
485758
485648
483600
483392
481946
483240
483516
484876
482766
481528
482942
484802
484134
485492
485642
485476
484098
483888
482694
484528
484604
483362
482564
483330
482866
484052
481812
482578
483896
484540
484192
482984
482912
482882
484412
483718
481792
481880
484290
486904
485192
485806
486104
486246
484910
486176
485812
485688
485446
486058
487592
487552
486624
486198
485970
486200
485336
485332
485264
484838
484374
484086
484446
483630
485690
485934
485952
486382
485438
484520
486042
485062
484840
485964
484378
484800
485210
485510
486242
485890
486498
485886
486204
484922
484152
483286
483160
484554
483132
483360
483422
483084
483152
483558
484898
482864
483094
485648
485196
484388
484612
485192
482896
483806
482438
482308
483458
483410
483744
483308
481726
481656
481830
481826
481314
482110
482900
483206
483984
486012
485632
487850
487752
485430
484370
484006
484520
484386
484564
483486
483792
482982
484976
484798
483004
484158
483970
482170
482350
484570
484346
482636
483326
483484
483194
482730
482974
482782
484640
483850
483936
482578
482036
483790
484180
484398
483484
483338
483004
483286
483202
483964
483792
483034
483548
482188
481592
483040
483536
482960
483176
483546
483464
484226
483964
483552
484444
483632
484218
484424
484300
483832
484262
484472
483710
484640
484334
484474
483670
484304
484804
484674
485772
485746
484648
485554
485298
484994
485776
485696
484994
486186
486948
485742
486562
486928
484892
484332
484340
483848
484898
484788
486048
486908
486094
487168
488124
489370
489552
487318
487214
486180
487176
486150
484528
486182
485080
486240
487568
487238
486042
485380
484664
484448
483428
482952
484614
485060
485556
484182
485136
485938
485844
485432
484546
484106
483864
484604
485430
484278
484118
483866
483834
482730
483254
482344
481240
483842
485238
484044
484908
484422
484162
484996
484580
485178
486308
485436
486322
486376
487648
487580
486820
485448
484332
483436
484754
484478
486028
482772
483394
483658
484602
484268
484240
485154
485318
485000
483696
485004
485084
483876
483672
482794
483980
482862
484008
484132
483090
483758
483120
483164
483928
485502
484272
484238
484862
484698
484542
485802
484420
484072
486254
486616
487396
485978
484982
486296
486252
485132
484910
483844
484532
484130
483886
482980
483836
485512
485644
484682
484978
484356
484804
485414
485634
484976
485474
486660
487148
486964
485602
487766
486548
487024
487042
486198
486140
485884
485334
484028
484870
484694
484940
484488
484102
482992
484130
484944
483900
485036
483948
484816
484772
485650
485512
486638
487150
486968
485308
484924
486174
485660
484628
485500
485312
485896
485812
485024
485728
485214
484094
486332
484422
485356
484912
485662
483932
485522
485062
484528
485138
485546
486432
485698
482958
483446
482968
484980
484946
484876
484068
484300
484386
484734
484450
485386
484030
486876
485530
484788
484378
484278
484960
484382
484826
483904
483394
482524
483532
484812
483578
483712
482640
482986
483754
482900
483624
484540
483950
484294
483710
482734
483542
484358
484668
485188
484662
486062
486770
486480
485926
486840
487224
485510
488090
487516
487784
486398
487190
489152
486508
485854
486444
485600
485230
486734
486624
485228
484686
484370
485038
485382
485694
486586
487028
485084
484014
484214
484528
486172
487968
486512
485962
486072
486360
486914
486986
487872
488288
488594
487356
487540
487786
487580
485850
485110
485784
486552
485424
484712
484734
484798
484820
485378
485338
484270
485406
485702
483908
484460
485166
486570
485208
485532
486790
487640
487084
487568
488280
487914
487738
487584
486972
487966
487708
485940
485236
484636
485552
485840
485442
484546
484422
484552
485192
486244
486366
486030
486328
485844
487082
487042
486118
485920
488286
486468
485962
485888
483574
482502
483510
483360
483354
484360
483366
484158
485258
483886
484284
485132
485864
485578
485214
485970
486042
486482
487354
484920
486874
484522
484768
485318
484504
485662
485096
484980
485184
487404
487286
487146
487612
487478
487800
486884
487652
487362
488124
487368
489354
488976
489760
488316
487048
487866
489956
490168
489120
488930
488796
488714
489442
488202
488396
486234
485968
487368
487098
485736
486536
485918
486370
486320
486992
485248
486002
486424
485718
485994
484730
486064
487252
487816
487084
483878
483592
484318
482956
483622
483308
483566
484802
484708
483740
482550
482770
484320
484540
484952
485822
484118
485558
485256
484384
484246
486766
486704
487396
487444
485842
486346
485628
484856
483904
482728
483428
485570
486146
485942
484914
484588
484180
485276
485470
485844
484834
483684
484064
484088
482460
485220
486286
485912
485948
483570
485334
483860
483558
482468
483470
482698
484538
483784
484218
483758
484156
484314
483054
483714
484378
484012
485102
485238
486802
486568
486558
487168
486072
485108
484292
485684
484470
484532
484618
486196
485872
484110
484610
484056
482756
481952
483054
483096
483700
485756
484996
485398
486266
485912
486288
486264
485252
484690
484180
484202
482794
481876
482624
482702
482874
483848
485864
485094
484522
485350
486004
484878
486764
487284
487204
487262
488242
487552
486600
488260
487586
486858
486090
486020
485652
484264
484812
485808
487264
487098
485830
486266
486056
486334
485628
485520
485458
486542
486082
485968
485838
486448
485404
487212
486692
486392
485446
483948
484014
483406
483934
485486
485682
486140
485226
485046
486560
485688
484930
486502
486412
486624
486132
486028
486164
486066
486334
487520
487040
488648
488982
489174
487194
487442
487978
486280
486718
486370
486086
486330
486720
487526
486930
488548
488990
486958
487240
488216
487726
487062
486336
485012
483134
484844
486774
486016
486178
485588
484994
485070
485420
487394
488522
487210
485914
485866
486734
488188
487314
488114
488042
487736
486898
486870
487436
487054
487298
486732
487434
487068
486446
486486
487422
487804
485242
486064
486560
487608
488000
488596
489820
489214
488158
488714
486608
486602
485970
485350
484848
484054
484868
485548
484590
484476
485008
484792
485906
484856
485978
486000
485294
486084
486270
486326
485514
484450
485884
487168
487712
487604
487770
487662
488340
487616
486668
486936
487336
486272
486248
487848
486436
485084
484314
485166
485734
486774
487526
487054
487120
486754
487660
485828
484866
484914
484454
484984
486104
487058
485616
485720
487088
486072
486452
485698
485668
484182
486294
486504
486222
485404
483520
484004
485510
484190
483392
483316
485206
487106
487280
485788
484956
484566
484192
484080
484144
483932
483822
484216
484848
486608
487494
486156
487682
487754
488410
488306
488376
488678
487104
486484
484588
485348
484942
484590
484956
484780
485702
485542
485768
485614
485314
484992
484722
485402
484634
485822
486668
488814
490068
490118
488434
488922
488388
486892
486398
486816
486584
487440
485010
487282
486798
488186
486884
488622
486748
487956
485692
485760
486398
486872
485852
485094
485358
484446
485080
486046
484650
485024
486202
486788
487766
487172
487088
487832
487196
487144
485688
487318
487262
488240
487562
486258
485210
485856
486076
485944
487384
488308
488944
489858
488698
490082
488914
489804
488790
489038
487830
488434
487874
487542
487624
489428
489032
487144
488156
488852
488258
488892
488528
489006
489570
487106
486456
486806
489048
487734
488132
488564
489532
489094
488308
488354
488392
488280
487268
486700
486716
488058
488108
487802
488402
489464
487724
487460
488184
488196
488878
489120
488248
488708
487790
485778
485106
484808
486170
486836
487708
486508
485934
486144
485008
484546
485964
485096
486850
488444
488302
487470
488034
487968
487644
488044
486808
488170
488006
488548
489526
488596
489804
490204
488692
489304
488098
489268
489914
490668
489468
491754
489614
488638
487798
488400
487710
487590
486934
487160
486926
486612
487744
488574
487952
488138
487374
487200
486754
485946
485142
485156
484880
483534
485170
485772
486670
487404
487004
487240
488350
488664
488946
488088
488000
488462
488354
487638
488508
490240
489724
489158
488298
487770
487584
489104
487824
488776
488582
486722
487028
486896
488016
487858
487166
487216
487288
486212
486020
486174
486412
486830
486694
487536
488306
487000
485694
488256
488778
489090
488876
488688
488642
488684
488222
488022
490678
489926
489916
489272
490146
489778
490516
489824
488530
489016
489034
487970
486832
486818
485014
483974
485264
485634
485478
486712
486138
487930
488582
489208
490406
489664
489236
489264
488638
488252
488520
488406
489076
488784
488526
488920
488684
488436
487212
487848
487288
488204
487564
487794
488494
488118
487176
488316
488590
486996
486586
487708
487128
486886
486802
487036
486874
487324
486994
488900
489652
488658
488614
485828
485912
485580
485216
485314
486958
486442
485710
487326
487308
488216
486504
485938
485906
486840
487754
489528
488164
489284
489284
489480
488592
488864
490250
489114
490454
490692
490252
489504
488820
489500
489214
490958
490702
491406
490586
491836
490900
488904
489602
488976
489402
490744
490440
490568
489546
488328
488960
489282
488772
490306
491386
489598
489274
489202
487390
485176
485930
486452
485604
485702
487374
486212
486116
486872
486660
487502
487126
487598
487334
488624
488106
486250
487338
487300
487168
488390
487716
488192
488290
487134
489790
489034
489028
488928
489852
488390
489198
491148
490660
490896
491258
490296
490528
490298
489250
490188
490004
489816
487184
487072
487038
488582
490558
491012
490666
490468
491582
489620
488356
488174
487944
488696
488188
487786
487200
488666
489422
488844
487758
486846
486670
487334
487130
487076
488582
489022
488542
490328
490374
489416
489840
492830
491342
491196
491268
492410
490918
489240
489478
490318
490008
488946
488728
488736
487858
488768
489220
489788
489196
488214
488684
487226
488512
487914
487328
487032
486378
486338
486016
486990
486454
485642
486296
488150
486538
487288
486938
488936
488998
489196
488266
489370
490516
489006
489090
490694
489586
488328
487570
488810
488112
489764
489364
491160
491266
489372
487454
487514
489176
488060
488510
487384
487492
486852
488360
487600
487878
487342
488446
487076
486478
486742
485558
485588
484574
485346
484906
486430
488038
487262
485708
485816
486918
487152
486120
486852
488076
488896
489094
490130
489040
489212
488796
489378
490340
490444
489268
490446
489336
488778
489274
488222
488876
489158
486804
487744
489178
488556
488512
488790
488778
491336
491198
490106
490790
491078
491674
489954
490486
490684
489582
490010
491140
491280
490782
490836
490454
490074
492684
491496
491656
492340
491834
490750
490224
487376
486378
487262
489206
487712
487742
488876
489816
489816
489228
487922
488956
488344
488202
490050
488872
489562
488872
489200
488168
487512
488856
488674
490170
489448
487424
488014
488040
486746
487438
487882
487778
489476
490214
489088
487884
487272
487418
487992
487920
488664
487112
486770
486366
487678
489570
487638
487618
486958
486836
487630
488174
487558
487698
489676
488578
487586
487054
487606
487774
488100
487204
486146
486200
486260
487174
486558
487778
487178
487730
488460
487956
488510
489794
490068
486898
488778
489070
489048
488596
490306
489636
488096
488360
487422
489672
490796
488502
489828
489286
489132
488312
488822
488636
488996
489042
490484
489190
488820
487514
487058
488654
487034
487956
486910
488360
488570
487952
488196
486282
488292
487368
487690
487030
485776
486256
485988
484800
484442
486980
487302
487570
487526
487532
487154
487410
487626
485874
486388
487954
486534
487002
486708
488430
489782
491452
491372
488984
489448
487256
487098
486002
487642
485692
485930
486086
487336
486568
486912
488068
486920
486546
487194
487974
489086
487796
488716
489600
488928
487570
487204
487364
485632
486630
488932
487612
487446
488346
487032
487054
488328
488334
488038
487082
487078
487198
487950
486718
487604
487646
487726
487996
488016
487938
488784
489904
488732
489430
488440
488182
488152
489636
488746
488844
488162
488584
488900
488432
488970
489668
488998
488654
489094
488076
488270
488362
488708
488168
486528
486636
488534
488808
489028
488138
488788
488684
489228
487636
487232
487644
487766
487810
488920
487946
488400
487672
485394
486830
487072
487364
485220
485788
486264
485818
485438
486704
486488
487306
486170
487278
486476
487662
487864
488016
487914
487006
487658
486524
487850
488106
487748
487326
488882
488594
488418
488598
488600
489414
490284
489022
488260
488838
489594
490796
489066
489216
488930
488870
488960
489288
489354
489626
490672
490494
489102
488976
487814
488572
488584
489076
489230
486324
488704
489394
489724
489446
489536
487230
487790
488040
490962
489438
489990
490528
490158
489736
488458
487772
487054
487670
485992
485420
486520
486440
487490
487284
488688
488960
490854
491312
491086
490142
490684
490388
491816
490842
488822
489038
488592
489230
490258
490482
490788
491382
490934
491082
489988
491108
490158
487986
488910
491866
490490
490966
491974
491270
490784
488676
487696
488178
488628
488248
487880
488850
488706
489070
489356
488968
488020
488052
488640
487030
489222
488542
488920
489112
489634
489456
487228
487468
485804
485796
486404
487038
487772
488648
488488
489470
487888
488234
488324
488772
488892
489240
488470
488396
489634
490626
490244
489194
489104
488898
487696
487274
488250
488318
487258
485732
486644
486724
486230
487614
486660
486710
488066
488674
489066
488980
490312
490416
491226
490310
489610
488760
489356
489904
488704
488912
489460
489712
488128
487538
489094
488418
489330
488852
488514
487602
488436
488758
488082
488324
487216
487256
489812
489554
489906
488858
489936
488596
489132
490382
491236
489890
488346
489260
489340
490988
490874
491354
491334
489520
490444
488252
488744
488800
489016
489198
489250
487302
486458
487216
487222
487700
486202
488180
487132
489056
489558
489910
489784
489952
489868
488034
489306
489238
491234
490852
490518
490034
490064
490016
491156
491460
491674
491574
490784
491636
492032
491520
492190
491110
491002
491458
494078
493680
492080
492146
493322
491968
490284
491924
492240
492518
492068
492814
491240
490896
491012
490970
490698
491330
490498
489644
489876
491554
490226
490798
491688
491492
492384
490562
490320
491022
491198
491512
490624
492254
491318
490714
488642
488404
488154
488498
488636
488362
488546
489318
487266
485684
487726
487562
486246
486358
486468
487286
487622
489310
488708
486916
488902
488128
488758
489538
489000
490402
489516
489402
489370
489560
489500
487286
488992
490224
487612
486952
486118
486522
486982
486866
487036
488140
487958
488244
489644
487498
487922
488724
490082
490124
489264
488894
489894
490230
488648
490228
490352
490778
490072
489952
492082
490920
490898
490034
489752
490610
490296
490156
489286
489402
489242
488792
488012
486962
486976
487482
487522
489194
489546
489694
490544
488692
489294
491008
490628
489882
490952
490234
489422
488044
488992
489506
490790
490096
489896
490974
491020
490208
491336
490414
490866
490520
488166
487870
488052
487604
487070
488480
488696
488608
488786
488962
489158
488788
488370
488506
489386
490816
489652
489010
487860
488380
489572
489020
489950
489392
488956
490940
489248
488078
486988
486508
486360
485584
486638
488080
487342
486890
487770
488226
487844
487172
485028
485446
486102
484874
485362
485186
485930
486376
485462
486222
485182
485258
485500
486226
486374
484852
486944
485684
486726
487334
488872
488298
487600
485986
487636
487284
485666
486052
485710
487162
487116
486952
485902
487190
486982
488494
489552
488620
489030
487796
487166
486966
485710
486416
487598
486878
487274
486020
486236
486176
485714
486978
486796
487614
487846
489156
489390
489986
490320
490534
489562
488732
489334
488388
488486
488040
488558
487432
488268
487870
488384
488026
487978
489014
488008
488260
488144
487512
486618
486756
486546
486122
488224
487890
489924
489774
488252
488348
487952
486962
487602
487486
489070
487984
487232
488600
488302
488028
486820
488240
488178
486872
486368
486830
485964
485910
486188
485312
484864
484140
485952
486156
486470
487732
488126
488772
490190
489820
489498
489484
488740
488574
488144
487546
485868
487350
487080
486832
486484
485082
485652
486366
486708
486976
486056
486062
484344
486044
485580
485236
486022
486546
485942
486364
486570
486908
487676
487094
487650
487604
486778
489078
488398
487640
487398
486142
485426
484960
484898
485142
485426
485754
487174
488134
488424
488590
488982
487930
488518
489452
490220
489026
488310
488212
488346
489588
489048
487968
488026
489464
489250
489786
490326
490912
490618
489632
489412
487816
487172
487730
488918
489408
488518
488410
488224
488726
487354
488618
489060
488538
489828
489728
489828
490192
488818
488070
488444
488092
487792
487426
488080
488014
488128
487984
487408
487900
488418
489180
489702
489186
488670
489228
490110
489478
489006
488692
489430
489326
487862
487910
487954
487706
488584
488428
488014
488494
488286
489082
488364
488864
487768
486936
486522
486850
487442
488304
488594
487080
487198
486206
485476
486386
487548
487862
489442
486948
486800
488106
488346
488428
489694
489882
489632
490520
490150
489744
489576
488108
489826
488494
487784
488566
487412
486530
486552
487156
488802
489056
488588
487312
487066
488808
488494
487596
487626
488760
488376
488364
489474
488272
488096
487420
486926
486508
488054
487620
487078
489820
490588
489868
488998
489790
489530
489126
488606
489280
487956
488430
489222
488772
488768
489750
489926
489410
487376
488518
487960
487942
488220
489014
489746
490052
487574
486828
486790
486484
488310
488030
487052
488006
488036
488378
489164
489062
488462
489726
490296
491098
491670
490634
489094
488274
488810
487286
487014
485898
485992
487270
487696
488038
487972
488466
486750
485024
483242
485532
485402
485910
484280
484816
485742
487014
486122
485732
485838
486080
486570
487746
486798
487196
486688
486500
487346
487430
488688
486110
486154
485808
486954
485082
485492
486244
486162
486328
486848
487492
486508
488196
488744
486928
487784
488096
488952
490044
488576
488634
489466
488894
488120
488082
488472
488976
488100
487398
488288
489024
488404
488894
488220
487958
487578
487402
489154
489070
489036
490080
488632
489266
488564
488010
488382
488350
489392
488792
488496
491354
489860
489818
489514
487594
486998
487814
488066
487836
488750
489698
490152
490240
490606
491754
492194
492900
491630
491944
491286
490322
489264
488488
489288
488462
488876
489664
490342
490548
490212
492222
491358
491116
488456
489716
487716
488402
489240
489664
489610
489262
488668
488460
487594
486744
487348
486842
486182
486968
487056
487334
487928
488776
487080
489828
489582
489674
490674
489620
489274
489460
489826
488888
490572
490104
490928
490678
489684
489314
490900
490750
491092
490320
491330
491074
490544
489646
489780
489138
488278
488860
488718
489402
490152
492146
491558
490848
491732
492456
491384
491394
489478
491348
493124
491054
490056
490446
490174
490356
490680
489958
488206
487616
488262
489066
489414
489970
489632
488104
489730
488698
488408
489518
489210
489476
490720
491158
490956
489768
489668
488218
490400
489786
489126
489924
489296
489780
488980
489974
489834
490320
489512
488648
490152
487826
488296
489954
490508
489814
490168
490072
488662
489440
488050
487864
488970
489640
488774
488532
487476
488150
486798
488174
488082
487418
487476
487614
486092
487164
488442
487324
487008
489042
489368
488538
489386
489284
488708
489130
488494
488690
489594
487980
488160
488166
489676
489954
488432
487682
487960
488292
488118
487428
487896
488522
487840
488290
489098
489116
487514
485908
487264
486526
486000
487066
488020
485672
485516
486362
487550
487486
486850
487698
488310
489234
487544
488182
487512
486068
484686
486990
487036
486642
489092
487632
487754
487204
487342
487730
486094
486424
485974
485790
486684
487818
487956
489030
489342
489972
488940
490520
491478
489756
488874
488146
488606
490236
490206
489528
490570
488670
488938
489530
487398
488618
488872
488488
489478
488636
487980
489530
489256
488786
488126
488414
489388
488018
487850
488416
489000
489722
489946
488524
487928
486542
487498
487502
489308
489706
488662
489010
488428
488906
489142
487808
487306
487556
486264
487580
487646
488414
488890
489882
488782
488388
488268
489092
488832
488958
489374
488248
486806
487916
488586
488020
488460
488158
489422
490552
490066
490912
489112
489040
489810
489406
489370
488220
488904
488470
489124
489492
489558
489830
489856
491340
491272
489362
488252
488808
489354
489946
488920
490978
491360
490952
491850
490298
490532
490212
491542
492074
491498
491676
490954
491884
489876
489648
488860
488192
488032
487880
488872
490088
492154
488778
490378
489394
489880
490220
489606
488584
488062
488474
489712
489774
487728
489096
488800
487818
488688
489828
490294
491816
492352
491082
491196
490620
489498
490982
490460
490904
491176
490018
490588
489494
489440
489554
489796
488574
488886
488332
489352
490518
490282
490106
488968
488886
490320
489548
490958
490594
490904
490610
490376
489520
489452
489356
488656
487636
487740
487172
487176
487950
487798
487680
487638
486178
486730
487240
488978
489310
488964
489362
488556
488626
487992
488324
489158
487656
489228
487970
485536
485878
484826
485274
486740
488066
486684
486774
486946
486120
486554
488214
488412
487456
486714
487258
485800
486240
486474
485934
485578
485902
486950
486948
488332
486882
488140
487780
489638
488698
487924
488026
486816
487804
487746
488396
488456
488176
488170
487652
487944
487746
489338
489236
487894
489436
488262
488428
488340
488506
486804
487952
488066
487182
488060
487528
486060
487150
487258
487336
486702
486418
487896
