12120
11894
12926
15766
19688
24830
30708
36524
43578
51222
57542
64360
70454
77702
83580
88758
93478
98730
103824
108038
112574
115106
118990
121868
123974
126044
129010
131766
133458
134634
136928
138678
140064
140400
141060
141994
141546
143084
142764
142806
145132
146812
146406
146294
146032
146550
147320
146434
147116
146822
147632
148510
148740
149144
149714
148942
148868
149204
149028
149812
149126
147898
148294
148934
148480
147112
147582
147658
147688
147520
147316
147730
147532
147336
146626
146502
147348
147422
147376
146466
147122
147040
146900
147956
147628
147502
148130
148730
148272
147816
148034
146566
147006
147654
147054
146600
146322
145988
145964
145894
145672
145430
143780
143706
143640
144312
143756
143728
144398
144446
143348
142712
142334
142204
141810
140776
141390
140452
142108
142918
142706
142762
141340
141494
141940
142160
140930
141688
141874
140920
140600
140032
139146
139480
139644
139490
139832
140312
141480
141640
140504
139144
140672
140352
140658
139208
137994
138946
139880
139370
139122
138380
139090
138456
138088
137504
138046
138002
137910
137856
138310
138092
137748
137356
136790
138218
137022
137742
137318
136698
137074
136698
136290
135780
134606
135110
136774
136020
136862
135376
135664
134478
134430
134668
136156
135862
136186
136474
135054
135104
135258
134188
134310
134862
134456
133852
133798
133150
132746
132686
132766
133244
133032
133550
132836
133030
133134
132786
132742
131886
132532
131796
132830
132506
133464
131388
132728
133060
132664
133000
132288
131780
132850
133094
132324
131768
131016
131960
132426
131170
131152
131694
131016
131182
131498
130958
131464
130168
130866
131292
130478
130142
130612
130018
130442
130118
129928
130268
131444
129512
130730
129164
129380
129272
129724
129598
130290
129696
130494
129924
128618
129978
130472
130988
130500
129906
131486
129970
128678
128420
129552
128920
128804
129286
129884
129560
128796
129476
127436
128338
128348
127272
127770
127722
127374
129024
127588
128538
128828
128678
129366
129268
128496
128610
127712
127756
128226
128462
127658
127556
128464
126972
126878
127490
127694
127174
127326
126794
127518
127474
127476
127186
129074
129052
128286
127810
126904
126906
126332
126282
126418
125772
127128
126558
126520
125834
125378
125990
126040
126714
126116
125314
126246
125772
126320
126008
126350
125334
125526
126576
125462
126508
126424
126478
125818
126132
125490
125516
124828
124794
124472
125482
125246
125258
124646
124104
124988
124014
125166
124882
124452
124030
123380
124188
124746
124876
125410
125032
124648
125476
125198
124092
124220
123930
124040
124136
123430
124114
124420
124476
124104
124420
125066
124514
125530
124074
124588
124026
123454
123392
123132
122756
122768
123250
123192
123400
123730
124214
123798
123558
123450
122580
122758
122586
122518
122820
123296
122906
123044
123184
124012
123256
123124
122750
122862
122668
121806
122090
121764
121748
122604
122450
121490
121258
121870
121710
121256
121012
120448
121050
120684
121072
120580
120708
120682
120098
120362
121032
121218
120924
121184
120818
120656
119974
119726
120416
120166
120300
119040
118760
119588
120120
120760
120524
120822
121272
121414
120900
120642
120662
120048
119878
120836
119980
120554
120814
121076
120896
120506
119718
119312
119512
119782
119202
119580
119806
119226
118994
119116
118696
118832
119100
119472
119968
119710
118912
118574
118384
118130
118064
118090
117878
117804
117884
117588
117212
116894
117588
117760
117874
118062
116820
117476
117778
118226
117626
117884
117176
117432
116908
117142
117194
116022
116776
118248
117610
117814
118224
116636
116404
116896
116792
116366
116656
116076
117376
117478
117400
117668
118088
118252
117906
118380
117920
117716
117694
116798
116098
116374
115900
115792
116344
116602
117368
117700
116790
116676
116950
116620
116118
116458
116124
115864
116550
117090
117096
117018
116932
116782
116708
115670
116198
116596
116870
116912
117002
115934
116026
116230
116532
116576
116140
115416
115246
115772
116158
116806
117236
115750
115434
116268
116336
115862
115556
117442
117578
116684
116032
116102
115846
116392
115914
115346
115742
115434
114764
114576
114982
116212
116964
116456
116146
116174
116760
116390
115418
115598
115464
116206
116216
115546
115344
115578
116024
116096
115088
115236
114746
115566
114518
115188
115092
114960
114518
114494
114214
113954
114520
114712
114392
114148
114716
115234
114140
114002
114372
114994
114466
114478
114544
114652
114878
114698
114490
114672
114762
113764
115068
114124
114368
115100
115846
114350
113796
114004
113148
114046
114860
115208
114758
114480
113994
113792
113796
115642
114474
114878
114186
115206
114872
114892
114410
114530
114956
114502
115266
114896
114512
114752
115116
114534
114574
113898
114578
114484
114368
113774
112860
113476
113548
114164
114452
114192
114338
114556
113370
114082
113986
114482
114262
113642
113312
114098
113034
113444
113466
113968
113804
114706
114338
114474
114238
114172
114510
114858
114020
113876
114228
115092
115370
115130
114252
113686
113396
113028
113194
113552
113732
113748
113556
112944
113238
112934
112804
112760
112052
111982
112932
112732
113894
113576
113314
113246
113158
112622
112962
113702
113048
112774
112054
111650
112224
112026
112480
112048
112044
110748
112666
112704
111774
111362
111848
111466
112182
112814
112184
112228
112610
112152
111540
111958
112192
111922
111456
111216
111406
111994
112000
112086
111816
111458
112592
112464
111500
111378
111582
112220
112318
112654
111624
111538
111156
110710
111252
111830
111242
111812
110048
110748
111904
112022
111542
111710
110540
110988
110916
111980
111386
111786
112056
111686
112024
111558
110840
110908
110320
111410
112226
111832
111066
110690
110550
110948
111372
111156
111034
110228
109726
110172
110288
110466
110192
109944
109454
109854
110880
109886
109520
110400
110516
110048
109958
109968
109562
108966
109570
109308
109516
109016
108824
109208
109558
109078
109772
108650
108370
109004
108672
108860
109314
108958
109992
109640
109230
108576
109280
109640
110222
110150
109598
109450
109616
110054
109504
109822
109434
109352
109664
110556
109928
110824
111380
110140
109556
109832
110262
110046
109660
109488
109698
109876
110358
110806
110140
109882
109606
110022
110204
109578
110164
109888
109570
109456
108864
109400
110816
110004
109284
108334
109044
108610
109216
108596
108924
109114
109284
109084
109408
109252
109092
108286
108126
108974
108612
109446
108028
107704
108876
108596
108714
108944
108210
108080
107642
107450
107464
107406
108996
108664
108600
108914
109018
108860
108226
108400
107882
108440
108040
107904
108930
109108
108970
107878
107886
108656
108182
108542
108582
107834
107622
107056
107704
108080
108678
108080
107674
107622
108126
107402
107974
107840
107402
108316
108214
107980
108496
108116
108212
107574
107346
106938
107036
107280
107240
106458
106598
106116
106994
107208
106646
106614
106130
104978
104544
105074
105084
106092
106302
106412
105468
106040
105698
106422
105730
106248
106006
106490
107186
106200
105508
105652
105666
105684
105918
105938
105532
105074
105780
105526
105836
105868
105718
106736
106564
106346
106232
106298
106308
105752
105250
104630
105058
105440
106366
105952
105658
105608
104770
105450
105134
105002
104432
104626
105418
105532
105426
104698
104752
104614
104154
104922
105766
105454
104984
104916
104870
105030
104794
104546
104520
104984
105148
105812
105052
105126
104316
104362
104420
105518
105612
105146
104556
104346
104300
105058
105678
104398
104116
104062
104270
104250
103756
103790
105420
105344
105178
104530
104218
104322
105566
105564
104494
104012
104556
105146
105732
104402
104224
104140
104210
104844
104316
104148
104828
104928
105548
105198
104798
104974
104388
103766
103762
104482
104340
103148
103952
103062
103464
103238
103614
103296
102932
102890
102688
104154
103360
103480
103082
103418
102280
101442
101698
101880
102990
102642
102294
102930
102452
101812
101848
102478
102800
101232
101626
103136
103298
102382
103168
104020
103006
103090
102558
102066
103004
102430
102592
103162
103090
102712
101890
102008
102694
102642
103112
102798
102518
102476
102220
102610
104256
103274
102970
102710
103042
103644
103170
101874
101750
101992
102370
101978
101794
101598
102222
101456
102862
102054
102272
101830
102188
102008
102750
102996
103006
102728
103032
103282
102052
102270
102024
102282
101766
101858
102682
103056
101958
101898
102284
102754
102232
101240
101850
101516
100956
101370
101026
101548
101978
101692
102330
101930
101562
101642
101568
100410
101762
100924
100510
100568
100996
100914
101272
100368
100496
100254
100124
100554
101228
100656
101240
100114
100834
101266
99708
100768
100880
100370
100414
100944
100852
101744
101200
101530
101310
100352
100306
100498
101578
101534
100666
101086
100824
100826
101044
101720
101698
101926
101000
100728
101298
101904
101672
101330
101280
101768
102270
102444
101572
102264
101922
101610
101576
101080
100946
99782
99908
100510
100098
101158
101186
100770
100796
100800
101366
100480
101202
100192
100766
100926
101242
101338
101040
101252
100282
100748
99844
100930
101694
100930
99952
100198
100854
100958
100384
100844
100678
101134
101080
101534
101972
100440
100668
101324
100698
100376
100444
100322
100348
100492
100364
100654
100632
100794
100472
100868
100520
100712
100320
100172
99842
99484
100028
99924
99122
100454
99618
100448
100866
100672
100724
101026
100498
99870
100738
100622
100320
99500
99192
99094
99018
99964
99722
100234
100260
99204
98868
99104
98542
97912
98802
99690
98384
99610
97988
98130
98978
98848
99396
99660
98858
99510
99684
99272
98614
99066
98822
97856
98254
99004
98342
98598
99516
99128
99554
98944
98770
100016
99156
99870
98990
98004
98580
99298
98820
98282
99170
98888
98962
97874
97156
97402
97648
97104
97266
97342
97462
96992
97196
97670
97036
97370
98370
97054
97440
98260
97886
96860
97296
97984
98484
98106
98370
98130
98288
98052
97406
98164
97352
96472
96776
97562
97494
97688
98398
98218
97916
97990
97378
97406
97268
97522
97014
97940
97874
97474
97118
97748
97316
97106
97432
97808
96806
96332
97008
96676
95910
96484
96302
96396
95698
96574
96172
96032
96104
96496
96824
96282
96332
96132
96568
97038
96458
96284
95768
96304
96674
96566
96460
96548
96044
96828
96978
96444
96858
96112
96862
96440
95740
95974
95588
95474
96394
96528
96018
96490
95808
96482
95750
95640
95356
94630
94998
94794
95010
95958
96322
95770
96940
96396
96532
96870
96552
96142
96368
96308
97180
97104
97128
97062
96644
96624
96640
95754
95992
95950
96230
96516
96524
96340
96130
96100
95850
95252
96088
95574
94680
95224
95228
94138
94988
94782
95638
95904
95890
95916
95262
95530
95256
94782
94360
95212
94928
94344
93864
94078
94518
94550
93894
94208
94976
94544
94938
95032
95022
94858
94658
95554
95352
94732
94678
93902
94464
94542
94926
95084
94214
94808
94126
94822
94610
94330
94990
94846
94610
94326
94226
94014
93826
93710
94482
94366
94484
94478
95472
95146
95776
95016
94644
94346
95178
95802
96376
94888
94732
94640
94436
95206
94852
94766
93992
93666
92778
93840
93406
94370
94346
94142
94078
94160
94192
93758
94292
94144
92712
94288
94204
93968
94218
93704
94492
94336
94354
93552
93188
94106
93710
93100
93878
94308
94532
94276
93762
93446
93832
93548
94640
93788
93662
94212
94440
94540
94230
95040
95280
95078
94836
94502
93932
94256
93930
94334
95088
93324
92864
93808
93690
93222
93818
94134
95180
94500
93680
94150
93350
93448
93536
93182
94392
94068
93510
94012
93832
93180
93384
93798
94200
94620
94334
94382
94590
94504
94504
94388
94504
95004
94310
93440
93716
93344
93196
92904
93122
93072
93656
93312
93334
93326
93526
93656
93756
94136
93824
93226
93266
93772
93640
94310
93746
93374
94102
93550
93734
93752
95100
94580
94132
94532
94608
93878
93976
94048
93458
93958
94310
94424
94726
94414
94024
94444
94226
93876
94296
94040
93368
94404
94210
94618
94596
94476
93166
93042
93134
94214
94032
94266
93302
93462
93278
93728
92952
93670
93388
93332
93222
93468
93452
93020
93412
93126
92498
92968
93020
93152
92414
93390
93106
93562
93880
93706
94072
93478
92870
93036
92666
93564
93084
93632
93086
91958
92190
92884
93314
94074
94006
93092
93152
93482
93152
92342
91572
91690
92468
93346
92732
92552
92402
92830
92456
91880
92762
93552
93736
92346
92614
92550
91738
92272
92354
91410
91216
91358
91336
91550
92248
91776
91636
91650
91902
91918
92888
93102
93142
92256
92848
92136
92058
92542
92934
92906
91288
91330
91246
91632
91640
91468
91862
91724
92274
93110
92856
92890
93494
92748
92294
92252
92530
92508
93512
93196
92832
92618
93152
92594
92348
92780
93400
92532
93090
92708
93622
93644
94578
92820
92924
93058
92638
92894
93092
91642
91992
92072
92936
92216
92626
92770
92790
92734
92754
92180
92010
91980
92566
93274
92792
92214
92126
92042
92498
92922
92424
91670
91540
91560
92074
91322
91200
91296
91400
91728
92656
92486
92496
92308
92966
92322
91866
92598
92140
93484
93450
92808
92510
92216
92186
92604
92696
91686
92160
92790
92724
92322
91892
92358
92626
91854
92272
92556
92588
92802
91752
92196
91504
92874
93140
91950
91788
90964
90826
91028
90354
90550
90676
90598
91438
92054
92680
91184
91430
91386
92142
92176
91994
92412
92498
92098
92176
91466
92100
91444
91100
90526
90656
90460
90744
91512
91844
91406
91306
91988
91232
91178
91866
92178
92316
92348
91914
92724
92860
92008
92148
91568
91148
90430
91044
90174
91314
91638
91838
91432
92186
91834
91550
90654
90980
90836
91890
91236
90450
90962
90324
90498
90518
91126
90728
90948
91218
91410
92122
91502
90532
90470
90566
90634
91284
91080
90950
90984
90636
91182
91442
91138
91904
91630
91362
90910
90840
91190
91140
91938
90868
89920
89730
89942
90022
90128
90010
89650
91152
90602
89730
90104
89336
89412
90094
89816
89734
90146
89560
89226
89612
90488
89636
89572
89434
89134
89164
89284
89784
89260
89228
89720
89620
89084
89682
89568
89736
90378
90060
90096
89984
89762
90318
90128
90142
89528
89034
90384
90530
90204
90560
89802
89590
89646
89670
89168
89388
89520
89414
89682
90318
90534
90024
89328
89052
89100
88946
89294
90052
89930
89954
89830
88588
89288
89768
89570
89162
88664
88992
88144
88680
88674
87994
88638
89076
88990
88184
88680
89116
89350
89000
88154
88900
87934
88830
87592
88460
89186
89492
89842
89314
89604
89984
89462
88610
90150
89132
89198
89322
89306
89492
89394
89912
89944
89628
89424
89260
89550
90018
89978
89448
89412
89554
90242
89582
90048
89460
89522
90288
89884
90392
90302
89892
89906
90114
89954
90346
89414
89348
89306
89178
89324
88782
89420
89904
89684
89412
89324
88716
88232
88074
87712
87980
87630
88380
88510
88520
88044
88974
88268
87814
87864
87962
87932
87842
89078
88472
87830
87652
87312
87900
87670
88304
88394
88388
88600
89290
89714
89304
88940
87812
87484
87548
87170
87642
88554
88056
88092
88746
88122
88882
88230
88840
88894
88810
89460
89870
89132
88414
89316
88918
88854
88956
88586
89130
88950
89574
88908
89242
88712
87838
87930
88750
88838
88690
88938
88402
88290
88640
88260
88678
88616
88248
88608
88572
89192
89574
89750
89152
88996
88688
87964
87258
87542
87304
87626
86866
87314
87836
86626
87164
87180
87752
87724
88048
89098
89366
88338
88340
87516
87794
87384
87578
87320
87640
87798
87970
86562
86762
88050
88472
88114
88010
88280
86614
86756
87466
86020
86124
86882
87354
86750
86664
87180
87380
87360
87998
87444
87186
87720
87330
87154
87278
87476
87834
87872
88244
87808
86910
87146
87570
87314
87122
87796
88234
88620
88148
86712
86848
86682
86862
87516
86992
87046
87212
88550
87902
87844
88796
88686
88264
87838
87722
88098
86830
87524
88098
87458
87588
87286
87476
88774
88362
88150
88428
88622
88030
88304
87868
88324
88114
87606
87644
86354
86442
86452
85554
85962
86340
87210
87550
87048
87246
87772
87396
87074
87520
87838
87900
87494
87426
86780
87344
87782
86708
86782
87374
87564
87344
86622
86598
86406
86734
87078
86858
87558
87038
87242
87042
87608
87290
87564
86680
86800
86802
87368
88044
87236
87312
86910
87560
87586
87038
87080
86990
86972
87108
87170
86564
86866
87876
87568
87328
87340
87962
88900
88042
87426
87706
88416
88356
87180
87468
86596
86602
87306
86402
86380
86948
86034
86520
86692
87138
87424
87416
86470
86324
86886
87036
87264
86640
86920
86980
86526
86750
86632
86412
88270
87152
87250
86166
86340
86134
86358
86050
86690
86538
86662
86462
86366
85106
85046
85050
85120
84890
85388
85248
85420
85654
85350
85652
86228
85982
85726
85330
86044
85942
86626
86690
86312
85692
85758
86288
86564
85598
86034
85676
85802
85698
86280
86032
85892
86108
85720
85626
85554
85610
86482
86768
86732
86500
86598
86668
86046
86736
86070
86100
86758
85528
86226
86158
85542
85548
85524
86384
86690
87050
86876
87000
86462
85810
87048
86780
86584
86628
86402
86620
86276
86492
86854
85746
86692
87046
86740
87470
86698
85620
85700
86596
86980
86940
86570
86976
87278
86422
85470
84716
85336
84878
85670
86086
85490
85416
84476
85654
85096
85362
85684
85886
86074
86824
85536
85546
86248
86800
85860
86654
86354
86474
86402
85624
85940
85254
84944
85032
84954
85332
85030
85356
85488
85188
85230
85814
85122
84694
83992
83972
85060
85532
85362
85612
84552
85074
84878
84880
84958
84860
85136
84860
85406
85436
85620
83876
84162
84810
84858
84108
84382
84198
84108
84316
84782
84578
84580
83964
84364
85090
84138
84726
85462
85232
84620
84732
85244
84922
84092
84126
84708
84828
84798
85438
84834
84238
84396
85166
85162
84400
84508
83838
84374
84438
84422
85282
85240
85310
85830
85104
84062
83298
84216
83132
83814
83796
83614
83188
82790
83054
83558
83408
83824
83070
84492
84388
83938
84680
84674
85052
84276
83966
83184
83366
84274
83170
83566
84996
84968
83756
84142
84328
84198
83848
84088
84382
84786
84456
84836
83984
84560
84632
84444
84598
85032
85520
84586
84522
85002
83880
83782
83088
84220
84648
85236
85758
84658
84274
84614
84776
85220
84690
84750
85340
85922
85552
84762
84958
84626
85006
85398
85694
85078
85092
85356
84724
84878
85018
85282
85254
85154
84942
85090
84886
85096
84678
84924
84542
84450
85256
85116
84364
85156
84674
84852
83712
84346
84314
83766
83148
83452
83282
83720
84670
83812
83846
84480
84148
85098
84588
84566
84918
84138
83816
83698
84068
83856
84510
84530
85268
85130
84790
84724
84756
84742
84622
84092
84330
84220
84746
85160
85296
85832
85352
85002
85116
84528
85058
85280
84992
85120
85156
84650
83870
83330
83770
84204
84230
83384
83596
83718
83944
83608
83628
84502
83946
84116
84364
84290
84502
83956
83826
83818
83750
84706
84170
83492
84354
84252
84196
83714
83822
83460
83662
84370
84100
84018
83712
83084
83998
83664
84052
83538
84200
84346
85062
84164
84274
85518
84590
84544
84126
84594
84706
84818
84304
84294
84684
85442
85208
86798
85470
84596
85006
84598
84272
84488
84216
83578
84484
85112
85216
83822
85004
85362
85708
85762
86318
85594
84550
85214
85552
85644
85630
85470
86412
85504
84980
84430
84560
84894
84358
85336
85708
85702
84990
85134
84464
83918
84418
85306
84808
85160
84224
84470
84638
85050
85032
84966
84444
84714
85488
85100
85028
85464
84600
84818
84830
84798
84950
85150
85264
86000
85760
86024
85964
84688
85328
85250
85544
85332
85290
85478
85126
85376
84794
84374
84380
85366
84494
84154
85204
84562
85054
85460
85214
85130
85050
85464
84982
85730
85446
85320
85098
84950
84908
85118
83934
83444
84094
84894
85248
85330
85704
86172
86284
85462
85510
86048
85202
85022
85250
84534
85322
84480
84470
85660
86190
85454
85432
85532
84456
83886
83212
83986
83916
84086
84510
84024
83992
84996
84980
84704
85162
84924
84882
85358
84508
84664
84822
84314
84696
84360
84960
84638
85172
85240
85116
84144
84254
84410
84144
84522
85020
84760
84504
84178
84434
84456
84462
84524
84480
83580
83652
83894
84552
85114
83932
84134
84430
84388
84364
84796
84816
83952
83988
84180
83886
83658
83696
83500
83428
83778
83326
83470
84168
85074
85174
84592
84356
83820
84378
84566
84314
83688
84286
83692
84054
84092
84014
83730
83642
83686
83944
84428
83722
83900
84236
83986
83938
83712
83412
82524
82740
83338
82924
83960
82976
82976
82514
82802
83366
82938
83936
83640
83642
83812
83234
83780
83404
83630
83506
83770
84046
84390
84130
83850
85010
84504
84206
83872
83868
84384
83978
84780
84910
85246
85016
85338
84862
84736
84744
84322
83636
84002
85434
84462
85234
84984
84486
84692
85354
84824
85154
85088
84370
84840
85236
84206
83662
83542
84026
83160
83642
83818
83904
84130
84172
83918
83808
83716
83718
83616
83614
83714
83430
83882
84290
84108
83576
84290
83680
84480
83626
84382
84046
84192
83222
83262
81938
82486
83582
82344
82432
83256
83454
83090
83210
83522
84172
84110
83692
84254
84328
84318
84406
84450
83950
84256
84172
84302
84294
84556
83906
84290
84148
83874
84884
84272
84224
84454
84692
85028
84800
84592
84520
85658
84384
83742
84456
84830
84438
84602
83804
83664
84014
85006
84398
84558
84410
83908
84216
84066
83484
83806
83392
82948
82576
83232
82978
83468
84062
84444
84246
84160
83730
83730
82920
83194
83820
82698
83398
83616
83436
83128
83398
83266
83282
83752
82920
82832
82930
82916
82658
83384
84278
84292
84218
83648
84304
84252
84306
83866
82672
83592
84134
83366
84142
84170
84334
83594
84094
84034
83732
83624
83640
83236
82504
83224
83018
82668
83274
82608
83514
82906
83190
83226
82752
84088
83552
83536
82814
83978
83924
82740
82764
82160
81808
82382
82140
82894
83262
83454
83128
82878
82406
82866
82462
82804
83368
82996
83360
83448
82234
83218
83350
82676
82784
82904
82722
82976
83680
83724
83594
83084
83676
83412
83628
83830
84078
83948
83550
84112
83032
83652
82914
83786
83784
82744
82934
82750
82892
82126
81868
82028
82066
82178
82166
81874
83196
82302
82038
82324
82248
81986
81948
81526
82250
81674
82222
82264
81548
82166
81746
81672
81566
81178
81546
81278
81444
81930
82744
81988
81712
81434
80938
80646
80698
82070
82482
81808
82870
82534
81756
82032
82688
82232
81998
82258
82676
81968
82232
82066
81986
81942
81454
81410
81792
82374
81648
81854
81890
82204
82256
81746
81784
82010
81962
81888
81294
81846
82566
81714
81832
81274
82304
82036
82482
81976
82076
81698
82168
81806
81898
82094
82250
81672
81958
82134
81752
81702
81932
81500
81472
80796
81184
82104
82180
81504
81928
81840
81790
82192
82296
82246
82566
82356
82482
82038
81618
81498
80856
81960
82650
82464
81892
83016
83092
83014
82170
82592
81888
82602
82304
82262
81652
81022
81938
81840
81938
82090
81290
82278
81938
81974
82438
82062
81708
82938
82328
81864
81974
81264
81174
81348
82256
82290
83068
83590
82758
82792
82146
81602
82130
81882
81162
81784
81542
81800
82132
82728
83194
83044
81888
82014
81858
81638
81806
81764
82580
81588
81766
82320
82108
82710
82520
82914
82254
82512
82552
82356
83208
82772
83028
82628
83218
82508
82104
82628
83180
82518
81996
81968
82292
82538
82458
82218
82386
82948
82646
82600
82856
82586
83046
82166
82182
82264
82556
82710
81968
82424
82750
82360
81770
81604
81670
82176
81834
82290
81820
82364
82334
81936
80974
81442
81678
82102
81388
81304
81562
82294
82044
82016
82160
82094
81986
81848
81240
81756
81730
81538
81960
81476
81102
81862
81890
81916
82022
81844
81648
81836
81596
81952
81790
81488
81790
81570
81384
81208
81692
81450
81402
81968
81902
81786
82300
82266
82372
80444
81208
80724
80834
80696
80776
81426
80982
80788
80848
81354
81934
81494
81180
80964
80292
80320
80916
81462
81798
80888
81058
79870
81022
81006
80762
80866
80440
80830
80700
80568
80306
79904
79926
79948
80184
79656
79800
79916
80222
79492
79776
80218
80236
80748
81698
81058
80776
81684
81030
80822
81302
81292
81672
81790
81178
82388
82558
82472
81808
81260
81280
81704
81880
81468
82226
82608
82380
81646
81828
82302
81578
81440
81560
80138
80596
79640
80138
79720
80082
81102
81904
81324
82092
82012
82302
81402
81294
81750
80918
80940
81682
81794
81930
81812
81876
81946
81082
81488
81408
81810
81762
81638
82060
81800
81760
81326
81476
81242
82360
81952
81896
81930
81674
81720
81018
81106
81652
81976
81952
82008
82670
82648
82734
81464
80754
81472
81562
81570
82314
82536
82604
82436
82474
82112
82828
82312
81892
81832
81932
81558
82234
81882
82368
81348
81144
80998
80944
81176
81266
81062
80878
81346
80926
81624
81030
81390
82118
81326
81744
81678
81046
81622
81680
81064
81214
81074
80982
80806
81236
80714
80400
80854
81374
81856
81238
81544
81246
81364
81484
80880
79660
79842
80444
80680
79536
80112
80414
79936
80952
80622
80216
80144
80664
80664
79822
80138
81020
81100
80682
80616
80492
80608
80734
80396
80552
79974
80358
80158
80820
80936
80848
81260
81054
80670
80074
79618
80336
81036
80188
80758
80492
79534
80068
79542
79702
79824
80196
80128
79656
80176
80336
79586
79968
79562
79178
78922
79470
79888
79504
80028
80150
79856
79364
79952
79684
79988
79880
80448
80846
80498
80370
80602
80694
81496
80358
80374
79922
80574
79974
79728
80774
80192
80318
80386
80812
80588
80492
80664
80286
80746
80530
80650
80972
81038
80666
80782
80654
80766
79954
80064
80352
80730
80802
80766
80438
80374
79934
80692
81158
80114
80012
79616
80014
79516
80376
80390
80098
80326
79890
80148
80970
80802
81056
80732
80448
81306
80478
80742
81096
81224
81360
81226
80498
80562
81084
80308
80580
79986
80576
80042
80676
80186
80160
79802
80110
80322
80378
80392
80254
79842
80028
80524
79694
79722
80530
80002
79736
80132
80252
80608
80752
80142
79936
80690
80346
80938
80818
80266
80810
80942
80750
80524
80542
80730
80344
81208
81138
80874
80736
80652
81364
80814
80030
80264
80204
80508
81070
80544
80266
79636
79302
79926
79932
80260
79980
79774
79256
80358
79546
79256
78780
78804
79196
78940
79326
80124
79572
79206
79536
79028
79764
79834
79274
79194
79082
79994
80048
79522
79784
79850
78762
79072
78730
79486
78776
78106
78234
78870
79456
79134
78376
78072
78544
78460
79292
80424
80574
79896
80010
80238
80472
80598
80108
80376
81082
81040
80698
80196
79968
79910
80374
80368
80258
80012
79078
79316
79440
79930
79936
78952
79348
79902
80912
80122
79926
79982
80144
79850
79822
80156
79662
79386
80556
80042
79448
79198
79098
79346
79928
79330
78734
78452
78578
79032
78856
79560
80618
80014
80266
80498
80090
79996
79514
79624
79458
80076
80336
79986
80406
79932
80158
79908
79886
79874
79254
79450
80342
79566
79268
79854
80196
80576
80478
80546
79786
80594
80676
79592
79698
79350
78998
79094
79002
79290
79304
79600
79556
79752
79104
79466
79756
80168
79922
79532
79818
79722
79928
79902
79912
79652
78976
79326
79950
79580
80206
80262
80934
79922
80096
79464
79168
78300
78698
78992
79880
79534
79578
79544
79466
78988
79546
79710
79664
79898
79804
79568
79740
80154
79614
80660
80618
79990
79852
80526
80324
80934
80008
80112
80844
80104
80590
80498
79542
80414
79786
80202
80166
80284
80606
79826
80842
80702
80268
79940
79582
80528
80316
79470
79520
78814
79548
80048
80074
79946
79638
80002
79766
78970
78808
78950
79202
79326
78710
79184
79616
79556
79674
79024
80186
80034
80016
79890
79830
80830
79062
79368
79482
78872
78270
78830
79098
78376
78622
77622
78346
79356
79088
79462
78808
78674
78460
77982
78496
78882
78618
79228
78192
78332
78696
78558
78476
78182
78578
78536
79028
79018
79502
79926
79982
79788
78942
78120
78554
78216
78330
78514
79366
79736
79424
79628
79660
79760
79556
79088
78696
78754
79764
79624
79110
79604
80062
79152
78884
78414
79200
78384
78814
78588
78276
78126
77700
78334
78326
77996
78194
77728
78106
78534
78504
78284
77994
78688
78716
78478
78782
78832
78616
78022
78752
78824
78376
78042
78590
78138
77440
77770
78298
78808
79138
78694
78826
78670
78732
79198
78916
78464
77976
77094
77488
77688
78480
78336
78184
78986
78794
78644
78922
78912
78574
78338
78050
77714
78614
78288
77972
78458
78036
78570
78550
78444
77542
78518
77932
78074
78314
77894
77610
77700
77624
77838
78140
78122
78462
78434
77906
78582
78826
78358
78938
78026
77972
77376
77700
77356
78382
77996
78302
78380
77572
77882
77632
78552
77248
77786
77478
77654
77856
78070
78088
78316
78202
77348
77864
78528
77866
78612
78216
77956
78142
77944
77714
77564
77168
77172
77016
78026
76984
77190
78264
77890
77600
77566
77726
77516
77240
77140
76268
76550
75956
77820
77360
77022
77306
77308
77100
77428
77972
77446
77734
77020
77668
77776
77694
77758
77042
78670
78716
78654
78528
77332
77614
78018
77530
78162
77780
76662
77348
77016
77882
78432
78516
78536
79022
78350
77944
78100
77720
78410
78296
77106
77600
77784
77094
77304
77740
77770
77908
77494
77472
77706
77778
77738
77452
77636
76976
77420
78032
77276
76766
77852
77770
77404
77990
78044
77666
78362
77768
76960
77108
76776
76790
77772
77148
77480
77230
76712
77956
77254
77506
77432
77538
78498
78000
77602
77692
77862
77292
77100
77542
78096
78474
78422
77150
77062
77278
77660
77560
77784
77846
77974
76580
77922
78176
78080
79244
79108
78304
77978
77542
77402
77736
77860
77180
77788
77770
76594
77264
77788
78148
78098
77404
76498
77002
77296
77872
77858
77402
77874
77262
77892
77532
77278
77260
77068
77006
77384
77144
77542
77466
77064
77534
77528
77572
78020
78008
78086
77050
76738
76782
77314
77564
77364
77674
77974
78132
77950
77772
77952
78600
78568
77390
77558
77688
76922
77336
77422
77098
77094
77838
78542
78008
77348
77560
76946
77734
77600
77252
76996
76786
77574
77120
77060
77100
76746
76862
77440
77118
76336
76186
76800
77086
76308
76838
77110
77106
76606
76368
76694
76426
75816
75884
77046
77640
77418
76920
76358
76692
76742
77310
77816
77050
76872
77146
77244
77296
77538
77878
78020
77412
77258
76610
76792
76516
76816
76400
77046
76704
76750
77514
76774
77254
77386
76990
76878
76768
77114
77154
76446
76950
76618
77254
76932
76648
76466
76602
77094
76522
76062
76756
76352
75778
76486
75794
76706
75884
76548
76474
76058
75916
76202
76604
75748
75966
75958
75920
75918
76048
76256
76484
76252
75902
76746
75710
75772
76736
76146
76024
75196
74852
75696
75604
75994
75982
76696
76434
75168
75078
75980
75610
75984
76236
76570
76568
76002
77120
76670
76202
76710
75662
76138
76748
76808
76386
76252
75664
76900
77018
76638
76296
76024
75800
76278
76060
76724
76928
76184
75456
75578
76064
75240
75260
75378
75750
76006
76154
75956
76752
77004
76926
77482
75902
76150
76164
75618
75852
75832
75900
76112
75116
74786
74632
74648
74614
74864
74964
74776
74432
74732
74918
75862
75164
75026
75202
75322
74116
74748
75142
76224
77312
76232
76356
76596
76100
76086
75716
76292
76124
75918
76514
76864
76146
76266
75548
76110
75454
75702
75962
76262
76132
75378
75130
75128
75368
75414
75284
75198
75894
75450
75600
74676
74930
75268
75848
75956
76090
75528
76050
76564
76082
75938
75656
76164
76200
75702
75750
76264
75742
76270
75500
74634
75090
75610
75620
75622
75490
75580
76188
75762
75160
75594
75268
75582
74744
75170
75992
76070
75170
75080
75658
75820
75460
76476
76124
76388
76406
75804
75550
75608
75224
75910
76198
75748
76494
76020
75826
75706
75474
75758
75112
75550
74590
74804
74740
75212
75124
75552
75550
76124
75562
76116
75452
76008
75838
74880
75220
75870
75352
74974
75466
74338
74540
75268
75248
75684
74818
74550
74114
74938
74738
74390
74532
75206
74982
75106
74738
75524
76000
75232
74886
75748
76082
74960
75764
76132
76432
75798
76238
76240
75784
75340
75902
75510
75894
75754
75948
75704
75970
75758
75370
75132
75052
75144
74872
75302
75914
76316
75384
75392
75510
75290
75862
75600
75316
75686
75802
74964
74958
74758
74912
74872
74878
74864
74910
75044
74890
75292
75066
74822
74944
75484
74914
74580
75308
74686
74930
75296
75472
75102
75192
74098
74590
74124
74432
74752
74924
75022
75870
75982
75230
75332
74964
75432
74636
73730
74042
74584
73976
74150
74092
75164
75226
75284
75418
75672
75154
75138
73980
74358
74576
74362
73928
74144
74566
72966
73446
73764
73954
73902
74250
75202
74946
74434
74466
74674
74834
75402
75188
74954
75102
74624
74960
74796
74454
74660
74354
74744
74978
74646
75180
74822
75124
75026
75120
74850
75172
74676
75000
74756
75838
74978
75826
75440
75178
75808
74794
75166
74916
74248
74336
74562
74634
74560
74494
74442
73830
73506
73866
74688
74786
75488
75250
75136
75296
75528
74988
74484
74528
74376
74892
73874
74628
74456
74542
74672
74454
74296
74314
74434
74478
74320
74782
74192
73848
74746
75180
75018
74812
75588
75394
74628
74530
74362
75242
76016
74796
74806
74076
73976
74044
75294
75258
74928
74488
73552
74110
74384
74406
74120
74318
74844
74374
74156
74762
75154
74246
74350
74584
74648
75626
74868
75204
74858
75014
74076
74526
74674
74618
74464
74920
75196
74156
74216
75322
75680
75452
75094
75072
75752
75194
74942
73926
74628
74652
75124
74584
74704
73910
74470
74738
74972
75072
74502
74816
73702
73274
74398
74054
73984
73738
73642
73202
74120
74378
72916
73322
73138
73570
73598
72734
73812
73826
74280
73986
73560
73384
73454
73694
73688
73584
72958
73842
73992
73412
72398
72988
73552
73988
74068
74136
73416
74206
73536
73654
73568
73520
73818
73706
73396
74128
73964
73630
73548
73104
74130
73906
73596
73166
73724
72850
74216
73752
74522
74244
74254
74424
74032
73678
73488
73630
73728
73968
73380
73768
73888
74908
74984
73730
73830
72678
74092
74726
74436
73472
73494
72812
73402
73190
73050
72918
73558
73414
73878
73580
73460
73802
74012
73314
73318
73976
73970
73100
73282
73618
73550
73936
73948
72782
73848
73784
73440
73544
73582
73694
73428
72600
72924
73914
73744
73982
74078
73480
73740
73024
73510
74052
73336
72996
73146
72478
73026
71902
72306
72494
73380
73024
73150
73622
72886
73544
74006
73854
73698
73092
73700
72930
73264
73342
73790
73110
73052
72556
72536
72736
72970
73882
73574
74012
74160
73668
73068
73040
73034
73046
73652
74052
74054
73620
73224
73054
73418
73312
73142
73566
72492
72806
73368
73022
73646
73718
73010
72864
74186
73100
72468
72950
72584
72782
73066
72196
72568
72142
71820
72486
73938
73566
73340
72850
72908
73078
73158
72894
73230
73428
73756
74236
73522
73654
73106
73092
73206
72954
73956
73478
72648
72926
73400
72764
72688
73518
73298
72970
73036
72292
72924
73446
73056
73658
73358
73102
72700
72334
72006
72348
73390
72442
73722
73060
73032
73224
73946
73728
73304
72822
72848
72954
73078
72512
73188
73300
73596
74078
73694
74036
72882
72570
73454
73000
73306
72832
72838
73236
73070
73502
73786
73366
73148
73680
74194
74028
73346
73342
72786
72862
72518
73526
73292
73220
73670
73764
73084
73336
73766
73064
73852
73218
73642
72628
72650
73094
73510
73312
73600
72952
73122
72576
72896
72742
72622
72674
72898
73390
73422
73732
73624
73346
74138
72918
73264
72868
73012
73060
73860
72742
72640
72758
72278
73538
74294
73452
73122
72382
72470
72716
72610
73198
72264
72866
72410
72432
72288
72304
72206
72448
71902
72462
72362
72670
71890
72194
72452
73086
72884
73054
72664
72860
72602
72234
72548
72644
72656
72344
71898
71844
72870
73014
72206
71910
72440
71962
72400
72374
72484
71828
72300
72656
73058
73276
72566
72784
73746
73478
73746
72908
72910
74316
73506
72776
72784
73198
73242
72804
72806
72976
72544
72908
72510
72244
72164
72130
72022
72038
71460
72366
71598
71384
71918
72046
72682
72736
72142
71348
72216
72346
73500
72432
72930
72936
72936
73076
72392
72482
72788
72426
72520
72368
72658
72504
72352
72838
72940
72920
72574
71890
72740
72420
72126
71892
72574
72690
71752
72208
73032
72180
72644
72060
72540
72384
72440
72784
72562
72276
72242
72040
71900
72100
71922
72352
72508
72410
72592
71786
72116
71722
71866
72248
72240
72358
72134
71478
72078
71728
71850
71774
72276
72016
71502
71990
72630
72536
71800
71606
71766
72206
72442
73488
73478
73498
72970
72886
71912
72212
72818
72570
72986
73196
73092
73134
73060
73526
72790
72694
73838
73882
73688
72814
72792
72472
71936
72060
72430
72598
72222
71830
72330
72934
72150
71870
71580
71466
71482
71180
71682
70454
70962
71680
72152
71602
72092
72306
71892
72070
72344
72280
72438
72388
72474
72718
72700
72030
71588
71342
71518
72036
71514
71764
72460
72030
71436
71658
71322
71982
71688
71712
72480
72196
72108
71524
71224
71366
71090
71246
71658
71196
70808
70266
71378
70690
70976
70828
70960
70744
71418
71612
71454
71270
71864
71598
71798
71464
70952
70720
70822
71664
72622
72440
70890
71528
71610
71408
70808
71078
71420
71362
71150
71450
71750
72300
72046
72186
71408
72112
72704
71662
72410
71660
71642
71324
71386
71702
71120
71732
71848
71842
72038
71840
72000
72264
71572
71496
71554
71680
71766
71224
71406
71308
70084
70338
71264
70674
71070
70960
71214
71266
70804
70874
71418
72604
70656
71038
70672
70532
71058
70920
71776
71704
72180
71372
70910
70582
69910
70060
70766
71008
70660
71490
71842
71710
71478
71534
70718
71358
71762
71224
71744
71438
71494
71740
71844
71268
71410
72288
71342
71532
71950
71224
70400
71178
70444
71458
71730
71598
71750
71988
70906
70558
71386
71364
71438
71736
71222
71358
71826
71096
71604
70832
71066
71386
71220
70894
70412
70650
70386
71234
71562
70762
70762
70912
71466
71100
71578
71120
70862
70596
70590
71120
71346
71500
71158
71508
71772
71170
71558
71632
71242
71358
70954
71074
72112
71550
71160
71706
70962
71484
70970
70726
70570
70170
70484
69502
70484
70608
71390
71326
71770
72028
71664
71764
71334
71798
71658
71350
71394
71254
72238
71596
71320
70978
71196
71070
70370
71366
71270
71738
71624
71506
71362
72606
72384
71552
71010
71158
71096
71404
71172
70656
70274
71068
71432
71094
71224
70604
70958
70420
70926
71442
71340
70926
71426
71690
71074
70458
70690
71398
70834
71140
70656
71188
71564
71546
71058
70394
70444
69730
70466
70204
70170
71016
71526
71500
71724
71644
71894
71046
70746
70380
70418
70928
70162
70256
70788
70376
70484
70642
71180
71212
71404
70524
70850
71038
71796
70972
70900
71518
71146
71214
70900
70876
70756
70604
70750
70328
70850
70610
71250
71062
70978
71678
71516
70856
70848
71058
70882
70844
70600
70680
71260
71328
71132
71024
71144
71684
71332
71044
71220
71490
72270
71560
71290
70656
70878
71322
71596
71930
71558
71096
71382
70982
70814
71268
70822
70908
71146
70868
71572
71828
71642
71244
70960
71466
70740
70794
70998
70814
69970
70814
70442
71064
70236
70962
71070
71564
70656
71358
70842
71036
71104
70910
70838
71162
71096
71072
70886
70602
70808
70896
71414
71076
71352
71016
71178
71568
71264
70824
70630
70540
70890
70534
71020
71120
70846
70788
71088
70490
69822
69954
69512
69040
69952
69714
70556
69936
70332
69888
70160
70284
70574
70702
70878
70676
70454
70926
70640
70652
70734
71252
71250
70356
71112
70410
70822
70562
70372
70478
71030
70854
71296
70974
70558
70602
69826
70132
69752
70268
70548
70438
70276
70084
70194
70002
70420
70480
69622
69434
69958
70022
70302
69180
69388
69698
69734
69960
69846
70466
69962
70012
70316
69492
69600
69680
70080
69782
69454
70234
70428
70146
69704
69266
69634
69666
70024
70072
69712
70242
70458
70270
70722
70720
70512
70932
70288
70096
69864
69720
69520
70378
70566
69928
70600
70832
69448
69434
69782
69964
70258
70278
70592
70422
69610
70484
70052
69870
69858
70256
70344
69880
70424
70198
70282
70024
70072
69856
70188
70974
70210
69754
69718
69606
69832
70600
70294
69562
70320
69778
69424
69606
70176
70270
70180
69778
69810
69962
71068
71614
71300
71604
70912
70606
70788
70148
69958
70264
70352
70078
70002
69962
69892
70406
69994
69866
69888
70392
70534
70146
70832
70274
70068
69610
69416
70088
69666
69564
69858
69544
69518
70162
70146
70312
69906
70442
70304
70040
69600
70066
70316
69450
70150
70100
70862
69904
70410
70736
70458
70160
70864
69988
69882
70652
70468
70398
70808
70228
70124
69810
69902
70178
70178
70704
70768
70620
69764
70434
70338
70294
70518
70554
70354
70408
70026
70524
69946
69808
69778
69974
69848
69898
70292
69696
69982
69118
70060
69424
69756
69126
69252
69822
69572
69762
70388
70204
69996
70314
70568
70924
70618
70334
70574
70104
70038
70468
70128
70886
70394
70268
70268
70382
71004
70944
70596
71308
70344
70456
70870
71006
70722
70124
70034
70410
70536
70572
70332
70710
71120
71074
71030
71070
70050
70392
70636
69998
69890
69868
69464
69106
70070
70056
69654
69996
70292
69966
69842
69462
70152
69230
69770
68852
69066
69208
68906
68678
69380
69794
69706
70494
69924
69498
70136
69156
69518
69252
69658
70086
69816
70072
69664
69168
69778
69694
69852
68854
69622
69694
69696
70004
69816
69886
70150
69540
68938
69346
69620
70384
69556
69490
69056
69292
68926
69362
69126
69602
69214
68992
68912
69566
69928
69410
70526
70118
70330
69780
69802
69598
70398
70166
69614
69654
69572
69394
69604
69640
69522
69970
69820
70180
70712
70524
70372
69886
70324
70090
69786
69316
69788
69426
69424
68372
68804
69360
69266
68794
68342
68810
68696
68870
69608
70200
70338
69338
68966
69420
69502
69784
69680
69400
68808
69110
69696
69974
69920
69892
69590
69614
68846
69550
69774
69996
70176
69968
70914
70714
69664
69508
69162
69564
70156
69822
69956
69614
70494
70518
70394
70844
70516
69532
69468
69844
69896
70106
70272
70144
70400
70468
71008
69796
70010
70168
70954
71344
71130
70966
70816
69964
70216
70028
70994
71206
70394
71042
71324
70932
70790
70746
70674
70640
70160
70562
70688
70770
70838
71086
70242
70390
70382
69486
69672
70388
69952
70710
70114
69610
69800
69332
70086
69354
69452
69252
69696
70070
70188
70468
70510
70766
71096
70962
71008
71564
71428
72328
70970
70346
70998
71310
71350
71600
71544
70694
71506
70946
70964
70762
69628
69856
70050
69814
69984
69814
70536
70698
70922
70632
69722
69494
69244
69336
69872
70310
69286
70110
69998
69472
69338
69304
70036
70100
70170
69634
69796
69460
69452
69830
69774
68898
68990
68772
69286
69888
69120
69030
68748
68928
69280
68828
69082
70030
70074
70378
70042
70132
70820
70986
71136
71072
71290
70348
70074
69426
69246
69364
70152
70482
70126
69486
69210
69996
70188
69708
70596
70142
69746
70282
70560
70108
70704
71150
70910
70864
70438
70512
70672
70476
70318
69980
70092
70562
70512
70328
70800
71060
70730
70104
70392
70462
71256
71024
70726
70864
70862
70914
71112
71058
70934
71288
70288
70236
70652
70852
70394
70438
70926
70966
70844
70310
70702
70756
70986
70268
70316
69898
70504
70512
70372
69836
70206
70248
69666
69194
69912
70030
69724
70142
70096
69898
69856
70110
70748
70302
70524
70320
70266
70608
70600
70672
70594
70134
70304
70880
69914
69958
70026
70110
69742
70078
69472
69032
69316
69554
69588
69570
69518
69606
70580
70414
69960
70826
70938
71066
70722
70738
70182
70930
70810
70506
70742
70136
69914
69462
69724
70252
70506
69792
69788
69128
69994
69860
69526
70412
70434
70508
69824
69830
70358
70798
70334
70256
70748
70996
70604
71124
71260
70864
70760
70914
71652
71118
70640
70092
70406
70310
70234
71070
70640
70726
70826
70502
70514
69870
70000
70952
70834
71050
71146
70930
71076
70288
70774
70614
71178
70680
70810
71396
72062
71590
71342
71162
70576
70918
71288
70492
70626
70942
70094
70002
70684
70674
70072
69962
69434
69840
70048
70966
70922
70468
70852
70436
69980
70798
70232
70430
70642
70604
70672
71224
71340
70540
70450
70240
70408
70628
70398
70926
70786
71596
71642
71314
71082
71568
71022
70254
70216
69978
71046
70518
71122
70746
70576
69832
70640
70672
71328
71012
70384
70250
71134
71796
71666
71838
71102
70748
70878
71520
72248
71570
71240
71922
71592
71218
71226
70472
70940
71386
70924
71140
70992
71536
70176
70110
70366
70874
70776
70966
71224
70656
70562
70414
70336
70168
71498
70724
70720
70602
70238
70572
70436
70168
70574
71280
71350
70490
70534
70132
70402
70762
70254
70192
69964
69978
69348
69118
68584
68998
69370
69606
68962
69812
70608
70210
69774
70234
70204
69636
69304
70292
70350
69788
70194
69614
69346
69884
70064
70340
69478
69532
70080
70238
69382
70106
69992
69736
70110
70092
69668
70566
70572
70350
70666
70090
70486
69968
70090
70614
70122
69784
70484
70218
69796
70440
69998
69706
68994
69256
70698
70338
70684
70610
70504
69618
69988
70614
70530
69962
69708
70192
69508
70680
69602
69494
69870
69924
69818
69892
69640
69778
69378
70032
70114
70402
69942
70132
70514
70400
69800
69500
69654
69736
70194
70204
70016
70128
69772
69582
69372
70424
70310
70250
69860
69026
69340
69380
70044
70288
70112
69884
69168
69742
69856
69548
69060
69360
69988
70158
70082
70138
70078
69820
70030
70218
69980
69320
69916
70530
70156
70544
69980
70458
70848
71374
70638
70986
70476
70868
71680
71092
70290
70724
70884
71136
71230
71352
70442
70310
69910
69972
69848
71002
70942
69532
70012
70054
70826
70170
70314
69336
69100
69054
69924
70006
69816
70430
69696
69734
69174
69506
69760
69246
69348
68892
68918
69170
69514
69336
69676
69630
70038
70440
70766
70150
70182
70560
70148
69636
69202
69560
69940
69846
70202
69456
70162
70102
69648
69568
69630
69602
69568
69108
69568
69308
69466
69248
69936
69648
70388
70142
70770
70478
70342
69732
70186
70952
70668
70588
70840
70846
70416
71076
70488
71558
70788
70740
69976
70342
70084
70230
69966
70936
71102
71316
71322
70908
70056
69812
70228
69836
69732
70452
70282
69440
69584
69050
69298
70058
70566
70270
69682
69020
70398
70050
70336
70446
69470
69296
69514
70144
69984
70098
69216
69350
69028
68880
69636
69384
69854
68994
69590
69794
69840
69894
69440
69024
69354
69604
69222
70272
70366
70250
70544
69992
70440
70648
70274
69796
69906
69772
69042
69244
69092
69880
69670
69940
69996
70704
69884
70036
70016
70842
70706
71372
70688
70750
70800
70356
70204
70382
71058
70788
71852
72244
71112
70756
70634
70446
71158
70266
70292
69790
69818
69334
70560
69814
70350
70732
70184
70230
70624
70646
69336
69976
70208
70394
71216
70882
70752
70860
70816
70490
70336
69912
69398
70096
69926
70112
70100
70492
70260
69958
69570
70028
70014
69838
69338
69618
69978
70436
69722
70396
70180
70500
71282
70422
70050
70822
70632
70600
70222
70450
69520
70298
70146
70240
70148
70260
70010
69918
69736
69972
70176
70026
69912
70112
69986
70606
70984
70178
70194
70088
69888
70530
70330
70922
70368
69408
69870
69184
69428
70114
69570
70016
70448
69810
68974
69452
70262
70280
69618
69998
69774
69810
70080
70064
70268
69824
70354
69818
69570
70514
70458
69740
69818
70132
70362
70612
70552
71136
70660
71066
70370
70652
70676
70870
69840
69844
69614
69956
69592
69858
69962
70192
70216
70292
70674
69196
69714
70100
70144
69484
69966
69680
69488
69110
69570
69106
68946
68562
68872
69332
69948
69652
69582
70248
70588
69406
70210
70142
70466
70296
70394
70060
70290
70180
70752
70142
70382
70162
70000
69414
69376
69268
69368
69692
69368
69000
69238
69200
69782
69950
68958
69108
68878
69428
69480
69038
68540
68380
68942
69764
69492
70150
69672
69676
69302
69446
69418
69268
69276
68534
68010
68866
68776
68314
68982
68636
69334
69390
69568
69908
69362
68982
69334
68978
68766
68638
68668
68908
68758
68966
68766
68848
68322
68406
68390
69318
68798
69080
69504
69294
69008
69192
69330
68776
68598
68484
69148
68442
69008
69068
67732
68862
68906
69108
68920
68852
69110
69550
68902
69218
68524
68888
68796
69380
68916
68968
68572
68234
68220
68548
68126
68108
68736
68922
68332
68246
68086
68562
68764
69022
69908
69710
69528
68702
68948
68394
68378
68564
69552
68932
68970
68576
68598
68410
68808
68218
67982
68498
68322
67944
67950
68166
67992
68152
68160
68062
68664
68692
68970
68308
68508
68504
68324
68578
68282
67976
68044
68044
68964
68356
68438
69002
68846
68606
69444
68514
67910
67956
67842
68364
68250
68112
68358
68422
68242
68512
67472
68446
68490
68310
69296
68998
69848
69606
69596
69628
69144
69078
69656
69236
69874
69310
68644
68502
68932
69168
68890
69264
69160
69150
68230
68976
68282
69392
69972
69888
69558
69766
69592
70006
69834
69366
69498
69590
70460
69720
68504
68050
68914
69676
68984
67950
68610
69312
69470
69832
68970
68868
68858
69094
68622
69260
69530
69698
69334
69260
69862
69776
69482
69336
69380
68412
69306
69734
70056
69248
69058
69170
69794
69488
69826
69118
68442
68358
68516
68634
68506
67650
68182
68526
68352
69012
69396
69402
68998
68682
69572
69020
69062
69058
68672
68468
68424
68384
68256
68288
67850
67734
68334
68254
68300
68720
68422
68630
69396
68796
69278
69222
68712
68002
68720
68722
68762
68188
68682
68166
67926
67984
67976
67820
68894
69284
69542
68746
69676
69418
69312
69048
68708
68206
67926
67626
68238
68300
68330
68262
68818
68766
69368
68630
68738
68438
68064
68626
68684
68908
69150
68722
68726
68762
68746
68672
68618
68862
68356
68612
68612
68224
68778
67784
67680
67962
68342
67796
68170
68340
68510
68392
68622
69178
68608
69218
68786
68836
68588
68780
67976
68666
69316
69322
68640
68544
68426
68284
68394
68550
68776
69280
68940
69534
69648
69862
69300
68784
69592
69650
69286
68390
68700
68368
69050
68762
67548
68048
68510
68156
68576
68888
69640
69414
68980
69070
69402
69664
69698
70278
68934
69160
69148
68472
68746
68912
69248
69142
69122
69150
69444
69316
69162
68470
68088
68542
68492
68078
68940
68576
68350
68546
68216
68212
67792
68108
67760
67828
68328
68764
68662
68336
67804
68072
68228
67718
67522
67932
67382
67126
67760
67618
68290
68280
67940
68054
67936
67350
68006
67498
67624
67378
67414
66830
67366
67824
68318
68374
67362
68170
67506
67496
67248
67944
67976
68148
67982
67658
67062
67160
67194
67700
68016
68462
68330
68418
67646
68080
68246
68600
67648
67636
67650
67982
67390
68024
67604
68054
67948
67664
68798
68390
68228
68334
67844
68288
68264
67876
67390
66922
67302
67290
67756
67794
67436
67176
67650
68480
67780
67884
66554
67362
68118
67862
67984
67930
67744
67384
68426
68470
68126
67886
67720
68218
68358
68226
68596
68472
68396
69000
69176
69154
68888
68312
68994
68868
68018
68306
68012
68080
69080
68460
68260
68060
67584
68104
68304
68372
68276
68864
69040
68344
68178
68012
68098
67020
67418
67772
67554
67058
67050
67180
68134
68574
68136
68294
67786
67906
68214
68400
68156
68380
68556
67914
67740
67932
68656
67628
67620
68794
68674
68402
68556
68462
69166
68944
68604
68016
68208
67926
68378
68134
68468
68018
67742
68010
68566
67956
68128
68102
68632
68192
68324
68710
68328
68352
68136
67736
68556
68470
68366
68316
67628
68254
68018
67596
67520
67774
67940
68896
68164
68474
68690
68010
67520
68452
68740
69230
68144
67694
68646
68220
68422
69124
68584
69208
68312
67970
68670
67914
67994
68272
68566
68496
68726
68792
68440
68360
68660
68318
68486
68628
68700
68914
69652
69432
68514
68292
68268
67902
67732
68520
68620
68366
68916
68708
68476
68512
68460
67814
68878
68434
68240
68448
68964
67918
67760
68328
67680
68510
68590
68558
67840
67604
67736
68512
68354
68130
67340
67736
68604
67706
67586
68236
67792
68902
68060
67958
67746
68012
68370
68592
69102
68438
68750
67942
68248
68930
67848
68334
69300
68994
68448
67888
67054
67458
67280
67932
67102
67502
66994
66902
66718
66700
66998
67244
67322
67144
67440
67222
67754
67448
67620
67504
66830
67588
67768
67466
67884
67836
67744
67430
66738
67028
67214
67258
66824
67626
67378
68016
68462
67492
66804
66994
66718
66372
66776
67828
67536
67018
67386
67580
67590
67902
67420
67218
67390
68142
67228
67034
67624
67488
67264
67542
68060
68122
67820
68172
68018
68366
67496
67562
67760
67922
67764
68178
68202
68056
67744
68814
68610
67818
67558
67638
67878
68112
68084
68422
68262
68552
68814
68864
68788
68706
67760
67896
68924
68232
67690
67918
67296
67504
67188
67886
67596
67758
68968
68172
67922
67806
67812
67862
67404
67536
67460
67532
67140
67486
67790
67930
68102
67666
67526
68018
68392
67984
68126
67694
67796
68836
68482
67790
68070
68150
67894
67970
68296
69008
68270
67582
68260
68194
68024
68292
68586
67534
68640
68232
68080
68600
68716
67690
68396
68786
68560
67790
67942
67744
67418
67020
67122
67434
68006
67664
67780
67606
67544
67756
67906
68370
67646
67034
68104
67892
67392
67578
67900
67682
68374
68194
67794
68118
67974
67818
67702
67472
67792
68004
68338
68128
67762
67574
67684
67658
66876
67436
67678
67534
67698
67744
67072
67098
67118
67208
67166
67684
67354
67862
67792
68424
67960
68166
67828
68332
67364
67226
67446
67392
67850
67674
66992
67296
68140
67370
67610
67682
67958
67812
67918
67776
67788
67630
67002
67760
67160
68390
67824
67844
67726
68276
67966
67592
66716
67368
67366
67572
67520
67510
67390
67310
67352
67086
67494
67576
67588
67686
68098
67436
67196
66834
66978
66812
67102
67192
67516
67456
67232
68026
67958
66694
66820
66952
66364
66640
66554
67356
67438
67454
67298
68286
68286
68128
67762
68264
68236
68260
68538
68072
68742
69492
68958
68188
68556
68278
68208
68908
68956
68432
67948
68098
68446
67860
67050
67682
67682
67456
67422
66758
66834
67152
68020
67952
67614
67958
67422
67270
68128
67358
67618
68472
68514
67664
67650
67522
68682
68726
68012
68430
67762
68262
67890
67992
67304
67238
67242
67670
68388
68926
68240
68426
68636
68734
68014
67852
67570
67682
66730
67202
66734
67008
67256
66844
66844
67244
67370
67658
67884
68056
67624
67252
67586
67772
67700
68152
67986
67874
68046
68038
68374
67584
67980
68248
68454
67656
67610
67998
67666
67648
68810
68656
68274
68556
67268
67864
67768
67992
67876
67990
67314
67358
67618
67896
68716
68742
68380
68720
68066
68046
68510
67872
67568
67318
67434
67334
66550
66772
66370
66026
66444
67206
67210
67260
66952
66768
66348
65924
66670
66984
66770
66960
66684
67760
67838
66674
66452
67050
67526
67440
66790
66562
66592
66394
66816
66942
66584
67170
66490
66632
66986
67228
66710
66674
67486
67362
66894
67310
67576
66848
67160
66770
66878
66796
66960
67008
67238
66906
66902
66576
67344
67150
67260
67104
67056
67248
66642
67014
66734
66446
66098
66732
66560
67246
67342
67908
67066
67774
67386
66632
67256
66890
67726
67248
66908
66942
67396
66854
66644
67114
67076
67132
67074
67332
67840
67522
67488
66974
67122
67250
67334
67872
67394
67334
67124
67812
67628
67774
67786
67400
67456
67662
67854
67982
68122
68458
67680
67614
67334
67388
66888
67416
67296
67440
67830
67758
68248
67204
67080
66890
67716
67344
67122
67248
67214
66904
66952
68168
67030
66844
67168
67506
66912
66518
66818
66024
65990
66622
67116
66844
66252
66178
66734
66078
65904
66102
66376
66738
67624
66732
67634
66966
67910
67364
66942
67308
66858
66708
67014
66840
66600
66948
67152
67250
66646
67226
67500
68334
67798
67686
67782
68022
69134
69184
68096
67958
67410
67256
67918
67728
68606
68172
68738
68532
68966
68556
69170
68734
69038
68964
68956
69368
68590
68614
68432
67866
68280
68836
69114
68656
68078
67866
68300
67886
68132
67768
67822
67580
67860
67382
67784
67608
67968
67224
67714
67680
67924
67288
67656
66772
67126
67578
67538
67844
67516
68418
68408
68020
68364
67950
67598
67770
67370
67634
68364
67302
66996
66504
67514
67774
67950
67462
67138
67910
67536
67530
67550
67620
68310
67726
67578
68146
67336
67596
67944
67312
67392
67392
68460
68390
68452
68574
68060
69020
68400
68150
68340
67934
68206
68170
67456
67228
68680
68122
68342
67850
68576
68036
68320
68802
67514
66850
67214
66876
67122
66988
66950
66850
66952
66988
66938
67542
67400
66230
66318
67046
67772
67830
67670
67590
67948
68138
67996
67846
68336
67896
67912
68638
68358
68058
67944
67760
67476
68000
67458
67902
68062
67844
67216
66686
66698
67200
67234
67082
66994
66468
66230
66260
67406
67144
67128
66876
67116
67668
67040
67108
67014
67414
67316
67620
67392
67852
67278
67190
66254
67168
67608
67784
67328
67800
67936
67788
67078
67216
67706
66930
67016
67602
66824
66580
66730
66660
66586
66892
67292
66892
66930
66828
67770
67838
66944
67276
66954
66408
66750
66052
66114
65630
65790
65838
66394
66696
66588
66630
65936
66942
66214
66244
66990
66574
66518
66266
66812
67164
66756
66734
67190
67618
66900
67242
67042
67320
66912
66648
66496
66348
66904
66828
67414
67226
67810
67288
66990
67908
67056
66266
67168
66834
67214
67742
67210
67668
67156
66728
66970
67394
67288
67308
67330
67084
67132
66852
67322
67412
67722
66642
66496
66954
67514
66542
66402
66168
66574
66742
66388
66778
66578
66822
66868
67332
67554
67786
67062
66696
66292
66140
66502
66782
66000
66246
66074
65978
65660
66196
66156
65794
65690
66712
66688
66310
66780
66492
65944
66686
66962
67254
66820
66956
66936
67204
67006
67752
67216
67256
67344
67498
67128
66514
66898
66854
66944
66500
66710
66386
66668
66122
66440
67060
67766
67128
66168
66522
66722
66846
66710
67148
67126
67720
67014
66920
67578
66904
67552
67356
66558
67006
66902
67412
67144
67106
67994
68174
67464
66998
67104
67384
67642
66986
66648
66984
67184
66466
66394
66390
66600
66642
65716
66162
66006
66484
67106
66806
66316
66390
66138
65390
65488
66028
66174
66090
65994
66020
65684
65614
66062
66310
67168
66288
66936
66352
66202
66526
67214
66658
66684
67306
67196
66678
67352
67580
67940
67028
67620
67634
66718
66704
67220
66938
66920
66464
66892
66724
66614
66126
66518
66888
67002
66972
66476
66432
66214
66024
66974
66202
65944
65668
65916
65492
66126
66478
66194
65792
65990
66380
66526
66606
66658
66334
67164
67278
67410
66486
66784
67260
66830
66528
66334
66392
67026
66352
66354
67750
66928
66836
66512
66884
67434
66478
65980
65564
65958
66204
66378
66420
66854
66678
67250
67520
67320
66856
66912
66422
66028
65586
65592
65974
66338
66524
66342
66180
65568
66670
66544
66702
66782
66324
66568
66324
66216
66124
66188
66270
66350
65794
65786
66034
66472
66066
66776
66764
66096
65898
65782
66418
66708
66794
66182
65284
65956
65856
66520
66266
65972
66022
66538
66352
65940
66352
66360
66216
66008
66620
66268
65902
66220
66012
65920
66342
66296
66448
66726
67694
67936
67664
67352
66642
66150
66736
66882
66620
67302
66902
66760
66086
66402
66530
66890
67524
66958
66536
66848
67254
67244
66666
66514
66394
66298
67022
65966
66328
67288
67464
67450
67106
67410
67226
67788
66900
68058
67262
67292
67078
67284
66906
67162
67996
67146
66788
67246
66728
67260
67548
67890
68136
67546
67420
67196
67348
67154
68022
67824
67854
67840
67480
67736
67266
67338
67884
67874
67962
67172
67434
68082
67774
67544
67672
67964
67340
67478
66612
66776
66330
66816
66578
66222
66886
66884
67118
66690
66548
66616
66860
66434
67260
67096
67672
67342
67296
67388
67378
67286
67560
67150
66780
66404
67186
66620
66960
66618
66416
66746
66854
67038
67074
66150
66280
66654
67198
67016
67238
66542
67144
67006
66720
66850
66844
67536
67068
67456
67438
67798
67168
66782
67566
67728
66786
65946
67098
66958
67022
66954
66924
67244
67422
66534
67140
67424
67314
67406
66942
66500
66594
67680
67356
67270
67458
68006
67812
67210
67952
67556
68384
68558
67946
67680
68424
68248
67688
68476
68180
68218
68472
67904
68220
68056
67842
67644
67502
67882
68352
67042
67050
67184
67398
67126
67552
67602
68052
68054
67578
67040
67976
68270
67894
67272
67126
67940
68114
68488
68086
68832
68462
68192
68150
67718
67774
67766
67966
66912
67780
67002
67444
67992
68492
68488
68764
68814
68458
68066
67710
67148
67826
68078
67452
67254
68296
67682
68018
68098
67720
68032
67562
67320
66344
66980
67542
67402
67778
67398
67076
67466
66956
67938
68468
68492
67412
67718
67012
66766
67650
67394
67348
66740
66876
67220
67154
67490
67800
68154
67604
66492
66770
66928
66888
67244
67354
67202
67356
67252
66596
66600
66580
66642
66716
66758
67056
66396
66766
67292
67480
67804
67494
67346
67364
68026
67166
67054
67100
67406
67208
67828
68406
67908
67684
67160
67418
66558
66698
66676
67542
67254
67186
66760
67620
67518
66966
66838
66660
67236
67414
67342
67910
68290
67734
67580
67896
67108
67198
67944
67462
67130
67462
67876
68100
68222
67760
68006
67194
67652
68358
67588
67496
67882
67998
67198
67328
67052
66918
67604
67562
67732
67230
67316
67774
66678
66906
66320
66562
66868
66546
66858
66336
67464
68102
67764
66982
66954
66618
66800
66648
66920
66602
67272
67634
67568
67964
67268
67158
66014
66648
66160
66252
66216
65532
66728
67332
67028
67720
67238
67718
67494
67086
67236
67312
66538
66468
66772
67406
66824
66798
66090
66392
66730
66562
65852
65888
66078
65974
65964
66064
65776
65760
65782
66380
66896
66258
66410
66152
65806
65526
67010
66698
65994
66338
66178
66166
65862
65430
65334
65476
65614
65984
66252
65746
65378
66466
66696
66722
67122
66860
67016
66854
66500
66746
66264
67286
66980
66256
66694
66640
66682
65650
66472
66190
66210
65858
67040
67064
66718
66818
66854
66302
66346
66318
65864
66426
67000
65778
66450
66556
66360
66484
65786
65648
65556
65446
65936
66582
66416
65938
65926
65446
65678
65628
66214
65958
66304
66396
66666
67254
65890
66276
66024
66312
66992
66878
67032
67116
67144
67258
67942
67452
67692
67174
68020
67316
67050
67090
67146
67292
66876
66618
67024
67562
67184
67864
67444
67330
68062
67942
67360
67214
66680
67270
66936
67446
66740
66830
66746
66580
66656
66792
67218
66896
66096
66612
67076
67654
68526
68296
67460
67372
67516
67326
66848
66844
67282
66614
66056
66592
66686
66822
66998
67264
67056
67488
66824
66900
66552
67086
67520
67880
67904
67722
66476
67094
67232
67084
66774
66772
66488
67604
67154
67626
67598
66284
66654
66952
67574
66968
66936
66796
66806
67264
67370
67594
67454
67518
67382
66500
66654
66820
66754
67056
66702
66436
66342
67280
66612
67116
68034
68568
67958
67252
66586
65814
66280
67094
67112
65898
66134
66554
66990
66642
66742
66598
66880
66768
66382
66606
66286
66128
66066
66142
67024
66596
66608
66894
67264
66974
66486
66944
66896
68210
67030
67466
67116
66310
66242
66650
66670
66744
66312
66536
66748
66450
66802
66716
66450
66418
66526
67220
67310
66430
66124
65992
66106
66472
67192
66992
67796
67524
67540
67512
66764
66866
66930
66584
66846
66718
66848
67188
67192
67088
66398
66880
67042
67236
67316
67166
67078
66830
67206
66682
67280
66404
66634
66720
67088
66910
66370
67098
67448
67764
66956
67558
67322
66574
66966
67326
67270
66842
66672
66620
66652
66414
66946
66466
66670
66122
65266
65642
66246
66682
66726
66922
67444
66872
67462
67090
66092
66318
66588
65904
66150
65474
65794
65828
66168
66184
66044
65928
66138
65754
65666
65920
66218
66728
66834
66304
66322
66630
66756
67226
66616
66434
66186
66294
66338
66198
66040
65574
66216
65984
66322
66376
65910
66352
65712
65814
66436
65788
65986
65950
66014
67160
66484
66740
65910
65768
66294
66792
66386
66336
66196
66028
65424
65864
66284
66464
66102
66254
65730
66024
66456
66114
65382
65316
65362
65676
65770
65778
65028
65304
65436
65312
65784
65824
66016
65306
65192
65132
65316
65638
66012
66064
65508
65184
65426
65012
65774
65092
65608
65480
65782
65992
65738
66388
66186
66008
65278
65700
65630
64704
65478
65182
65902
65674
