67918
64799
63375
61975
61680
59271
57580
55270
52939
50737
48331
46052
43635
41357
39342
37733
35461
33835
32354
30833
29229
28005
26641
25682
24581
23440
22271
21223
20209
19401
18306
17743
16934
16524
16042
15505
14919
14378
13882
13413
13018
12630
12341
11883
11606
11263
10936
10747
10404
10209
9772
9419
9256
9098
8875
8705
8432
8410
8066
8064
7929
7803
7703
7361
7354
7230
7115
6971
7030
6876
6818
6773
6576
6552
6519
6427
6236
6183
6160
6209
6215
6178
6114
5944
5774
5725
5719
5707
5528
5646
5649
5463
5481
5405
5335
5362
5301
5240
5144
5103
5108
4995
5018
4971
4982
4864
4814
4846
4735
4719
4742
4746
4703
4602
4661
4650
4529
4520
4492
4507
4451
4483
4422
4389
4306
4442
4311
4146
4223
4098
4126
4178
4131
4080
4122
4173
4206
4160
4100
4112
4102
4114
4120
4088
4179
4034
4007
4015
4080
4047
3905
3914
3899
3906
3906
3876
3791
3895
3853
3800
3799
3816
3642
3672
3669
3651
3623
3655
3593
3591
3591
3631
3497
3486
3555
3567
3575
3636
3647
3556
3534
3563
3475
3548
3510
3551
3511
3529
3607
3514
3481
3462
3415
3439
3454
3548
3441
3479
3485
3443
3433
3326
3386
3395
3376
3425
3493
3393
3485
3415
3402
3490
3389
3385
3422
3328
3346
3416
3414
3462
3370
3384
3379
3335
3340
3316
3322
3292
3275
3337
3338
3313
3360
3291
3283
3281
3340
3292
3375
3348
3289
3339
3326
3261
3385
3443
3330
3408
3372
3322
3257
3262
3248
3280
3248
3267
3263
3306
3257
3246
3291
3359
3346
3368
3396
3319
3305
3401
3347
3348
3414
3300
3368
3359
3302
3282
3328
3316
3224
3263
3272
3314
3205
3245
3261
3300
3268
3177
3224
3203
3157
3200
3174
3163
3228
3148
3227
3227
3159
3344
3298
3222
3169
3077
3143
3203
3147
3215
3217
3201
3252
3257
3219
3266
3217
3289
3254
3271
3268
3269
3211
3178
3274
3241
3246
3257
3331
3251
3224
3127
3148
3231
3183
3134
3214
3286
3283
3253
3255
3272
3297
3280
3258
3245
3149
3188
3219
3218
3246
3175
3188
3243
3249
3225
3193
3224
3198
3227
3177
3183
3170
3227
3246
3262
3157
3244
3163
3214
3220
3262
3233
3208
3204
3255
3212
3144
3243
3227
3212
3166
3164
3148
3251
3191
3181
3235
3096
3213
3255
3226
3152
3200
3150
3213
3196
3206
3197
3163
3161
3061
3119
3114
3103
3065
3095
3056
3076
3045
3076
3114
3130
3126
3052
3081
3013
3100
3083
3127
3124
3140
3090
3127
3183
3219
3203
3179
3184
3224
3116
3151
3154
3158
3144
3228
3173
3185
3215
3076
3135
3228
3166
3181
3184
3147
3255
3264
3297
3216
3218
3180
3214
3196
3188
3206
3175
3182
3165
3214
3309
3243
3198
3279
3252
3192
3221
3205
3274
3220
3083
3149
3200
3196
3139
3191
3198
3171
3293
3223
3244
3226
3244
3266
3310
3324
3359
3324
3285
3346
3363
3280
3261
3379
3254
3280
3280
3186
3211
3282
3288
3251
3323
3380
3288
3247
3315
3213
3304
3318
3304
3278
3275
3297
3343
3348
3328
3311
3389
3306
3252
3218
3262
3284
3155
3176
3242
3216
3201
3262
3252
3328
3330
3255
3308
3386
3352
3355
3435
3337
3263
3300
3328
3282
3283
3294
3318
3307
3342
3323
3354
3285
3333
3362
3316
3381
3333
3342
3283
3270
3335
3332
3293
3295
3342
3325
3342
3297
3337
3343
3311
3306
3398
3276
3308
3281
3324
3301
3287
3214
3267
3221
3278
3348
3325
3260
3341
3277
3318
3296
3281
3331
3268
3329
3375
3295
3403
3356
3390
3419
3348
3330
3378
3375
3361
3330
3373
3327
3369
3352
3409
3290
3303
3344
3453
3348
3376
3340
3326
3327
3377
3331
3346
3340
3266
3377
3333
3281
3307
3294
3298
3288
3312
3300
3289
3372
3329
3318
3379
3295
3299
3296
3354
3385
3407
3379
3394
3505
3394
3414
3336
3438
3458
3439
3525
3502
3494
3496
3515
3534
3390
3369
3480
3475
3462
3386
3451
3421
3497
3441
3463
3550
3510
3405
3385
3368
3411
3383
3428
3434
3428
3492
3373
3363
3383
3421
3392
3422
3419
3350
3402
3412
3444
3392
3336
3291
3326
3355
3455
3369
3421
3491
3397
3390
3449
3305
3354
3403
3458
3456
3449
3507
3503
3471
3450
3443
3535
3510
3548
3488
3552
3517
3475
3412
3511
3608
3540
3515
3478
3602
3398
3540
3534
3543
3431
3448
3410
3540
3549
3508
3532
3481
3420
3469
3469
3533
3437
3471
3431
3470
3471
3455
3555
3490
3459
3476
3538
3512
3438
3391
3542
3543
3533
3584
3557
3479
3483
3452
3528
3539
3438
3528
3445
3380
3461
3516
3454
3413
3407
3352
3353
3306
3465
3440
3502
3414
3449
3527
3580
3581
3575
3576
3479
3530
3559
3562
3453
3493
3492
3458
3408
3558
3615
3529
3507
3504
3464
3398
3540
3525
3509
3560
3539
3562
3477
3490
3496
3498
3529
3519
3612
3591
3523
3525
3566
3530
3558
3495
3532
3471
3488
3484
3505
3502
3514
3445
3495
3376
3439
3424
3492
3538
3406
3441
3448
3367
3479
3367
3430
3444
3552
3454
3464
3481
3523
3386
3373
3391
3424
3440
3374
3367
3409
3360
3298
3287
3386
3426
3466
3357
3373
3393
3451
3468
3469
3478
3419
3467
3518
3514
3518
3534
3470
3450
3534
3466
3424
3415
3419
3500
3526
3585
3494
3439
3401
3430
3459
3445
3507
3538
3515
3508
3530
3475
3464
3472
3438
3470
3412
3510
3415
3428
3443
3472
3542
3408
3497
3442
3522
3506
3482
3444
3517
3479
3487
3446
3437
3436
3440
3414
3460
3417
3484
3447
3414
3441
3411
3474
3525
3542
3510
3426
3453
3451
3448
3455
3464
3485
3426
3474
3424
3377
3414
3457
3445
3287
3350
3345
3311
3375
3373
3373
3286
3298
3318
3295
3242
3291
3319
3283
3337
3421
3408
3381
3412
3465
3490
3360
3422
3396
3401
3533
3495
3520
3548
3478
3551
3547
3430
3507
3470
3461
3471
3475
3495
3496
3439
3440
3478
3517
3554
3504
3564
3537
3529
3569
3512
3497
3511
3417
3524
3560
3418
3465
3444
3481
3481
3442
3475
3538
3427
3454
3424
3423
3458
3496
3401
3460
3451
3484
3522
3539
3433
3483
3358
3503
3476
3531
3636
3475
3555
3575
3597
3578
3559
3557
3592
3665
3673
3610
3615
3597
3669
3625
3695
3604
3578
3467
3543
3485
3405
3490
3398
3448
3436
3478
3559
3576
3491
3542
3581
3510
3503
3606
3527
3574
3517
3575
3493
3536
3489
3513
3483
3484
3445
3364
3376
3487
3397
3405
3413
3385
3482
3531
3502
3518
3433
3394
3409
3462
3414
3491
3428
3426
3552
3544
3494
3530
3551
3523
3465
3462
3453
3531
3431
3576
3478
3540
3463
3528
3533
3469
3528
3474
3533
3570
3537
3612
3546
3547
3575
3592
3655
3601
3528
3577
3527
3557
3527
3548
3632
3556
3517
3572
3604
3591
3576
3609
3691
3698
3700
3671
3653
3631
3653
3652
3733
3604
3585
3557
3684
3649
3534
3569
3559
3528
3567
3561
3718
3632
3601
3602
3629
3677
3585
3587
3578
3603
3609
3563
3624
3617
3719
3691
3707
3727
3772
3753
3721
3700
3723
3668
3632
3635
3654
3659
3608
3662
3573
3652
3581
3588
3635
3645
3663
3629
3574
3613
3503
3590
3519
3582
3546
3543
3540
3614
3661
3547
3578
3561
3532
3593
3639
3575
3595
3592
3571
3621
3582
3649
3662
3646
3661
3604
3588
3536
3523
3558
3571
3586
3644
3556
3729
3673
3643
3710
3650
3734
3743
3711
3632
3618
3668
3604
3615
3577
3716
3629
3559
3529
3625
3661
3631
3596
3683
3526
3592
3611
3679
3612
3632
3637
3610
3626
3657
3600
3604
3731
3668
3624
3624
3737
3717
3586
3670
3625
3671
3660
3633
3555
3611
3637
3615
3590
3586
3639
3558
3555
3524
3625
3551
3501
3511
3550
3426
3445
3500
3478
3509
3533
3591
3482
3621
3533
3623
3716
3616
3671
3697
3606
3671
3628
3698
3594
3610
3709
3566
3632
3639
3606
3632
3592
3649
3668
3599
3658
3676
3736
3698
3772
3712
3665
3700
3644
3754
3747
3709
3627
3674
3657
3592
3632
3591
3635
3611
3649
3653
3718
3652
3736
3665
3711
3722
3679
3799
3710
3834
3798
3754
3825
3798
3771
3703
3748
3701
3846
3775
3649
3732
3784
3776
3763
3769
3766
3750
3729
3735
3751
3718
3755
3762
3695
3735
3774
3792
3843
3820
3795
3814
3794
3723
3741
3700
3770
3699
3672
3801
3825
3780
3777
3715
3712
3743
3828
3802
3705
3705
3647
3674
3730
3699
3664
3757
3765
3745
3718
3732
3783
3750
3750
3768
3686
3775
3771
3791
3780
3796
3791
3824
3746
3764
3772
3827
3689
3826
3809
3885
3798
3805
3779
3705
3756
3807
3769
3764
3755
3719
3803
3746
3702
3695
3790
3624
3677
3652
3694
3688
3711
3708
3703
3614
3647
3683
3650
3568
3708
3692
3650
3675
3684
3696
3736
3717
3729
3758
3760
3800
3781
3753
3758
3702
3708
3674
3719
3718
3709
3772
3707
3656
3654
3703
3690
3689
3681
3718
3635
3589
3614
3585
3571
3542
3554
3523
3583
3585
3659
3677
3677
3579
3640
3674
3718
3747
3688
3743
3698
3704
3762
3776
3726
3621
3598
3730
3702
3737
3634
3699
3753
3716
3600
3706
3645
3648
3735
3752
3698
3731
3794
3714
3726
3699
3756
3827
3847
3648
3721
3618
3755
3823
3838
3753
3634
3740
3728
3632
3710
3727
3771
3721
3689
3706
3782
3744
3701
3618
3663
3683
3723
3579
3694
3686
3713
3621
3744
3687
3713
3720
3735
3768
3701
3695
3769
3637
3659
3669
3725
3759
3689
3727
3761
3677
3711
3759
3694
3623
3624
3687
3714
3692
3646
3623
3675
3701
3582
3690
3750
3692
3752
3705
3690
3803
3740
3769
3785
3748
3683
3731
3739
3707
3781
3676
3678
3697
3770
3702
3756
3764
3650
3724
3709
3732
3734
3732
3727
3716
3730
3619
3723
3650
3593
3680
3662
3650
3657
3659
3728
3790
3734
3746
3695
3646
3660
3656
3619
3652
3758
3685
3632
3565
3474
3534
3569
3583
3626
3744
3722
3732
3685
3633
3677
3613
3614
3584
3774
3649
3635
3692
3612
3627
3566
3608
3655
3666
3654
3634
3584
3669
3600
3566
3611
3619
3613
3674
3556
3622
3658
3650
3605
3622
3730
3676
3632
3580
3643
3688
3682
3620
3647
3615
3723
3704
3740
3742
3796
3691
3681
3782
3670
3673
3683
3719
3685
3577
3667
3666
3694
3676
3744
3592
3624
3641
3676
3628
3735
3775
3687
3648
3745
3761
3690
3758
3763
3708
3676
3666
3580
3628
3589
3739
3602
3652
3601
3643
3627
3615
3546
3677
3683
3643
3731
3722
3692
3665
3614
3742
3727
3736
3752
3802
3756
3739
3791
3720
3842
3626
3817
3733
3787
3767
3798
3697
3720
3681
3701
3712
3769
3786
3762
3886
3815
3819
3827
3712
3837
3725
3705
3696
3722
3721
3702
3739
3784
3791
3840
3799
3764
3728
3765
3709
3720
3746
3787
3788
3732
3779
3767
3777
3777
3784
3777
3807
3832
3783
3812
3731
3772
3840
3738
3887
3917
3827
3806
3905
3845
3814
3768
3726
3847
3847
3863
3865
3874
3705
3707
3746
3862
3814
3855
3846
3825
3771
3798
3745
3759
3756
3845
3764
3809
3800
3704
3704
3704
3737
3798
3825
3822
3756
3758
3810
3753
3686
3715
3658
3681
3766
3784
3835
3787
3773
3808
3771
3742
3916
3782
3830
3789
3741
3787
3799
3793
3780
3775
3722
3773
3767
3738
3831
3833
3843
3903
3907
3790
3787
3786
3764
3679
3727
3834
3872
3852
3788
3732
3717
3760
3746
3647
3753
3657
3743
3766
3790
3799
3800
3807
3890
3881
3824
3800
3783
3792
3803
3770
3781
3894
3907
3879
3859
3856
3876
3868
3873
3814
3770
3842
3747
3820
3767
3848
3792
3827
3820
3819
3943
3866
3829
3813
3913
3856
3956
3977
3905
3915
3846
3921
3950
3965
3949
4046
4009
3980
3894
3864
3917
3926
3866
3876
3878
3826
3817
3887
3906
3978
3993
3941
3899
3998
3946
3895
3994
3972
3916
4004
4026
3942
3971
3972
4033
4005
3915
3913
3856
3825
3895
3845
3943
3844
3882
3885
3968
3889
3987
3982
4087
3859
3985
4002
3938
3887
3967
3937
3889
3902
3889
3867
3999
3882
4008
3997
3814
3906
3889
3989
3911
3928
3951
3863
3925
3978
3903
3884
3861
3876
3910
3941
3923
3963
3954
3951
3921
3896
3907
3911
3860
3892
3822
3853
3846
3835
3869
3822
3877
3894
3870
3858
3884
3843
3821
3930
3888
3892
3810
3788
3808
3910
3846
3843
3876
3822
3783
3766
3734
3822
3827
3803
3886
3781
3880
3893
3934
3841
3930
3868
3907
3931
3945
3899
3838
3786
3810
3857
3865
3845
3859
3816
3900
3814
3862
3869
3847
3888
3799
3871
3859
3818
3814
3854
3863
3873
3860
3838
3868
3902
3999
3923
3951
3872
3913
3882
3922
3856
3863
3932
3899
3890
3915
3863
3828
3876
4009
3908
3899
3899
3870
3800
3753
3791
3791
3846
3787
3839
3851
3822
3857
3892
3736
3732
3824
3816
3805
3855
3867
3828
3842
3925
3783
3803
3766
3872
3827
3904
3828
3856
3803
3802
3781
3779
3847
3803
3795
3780
3867
3853
3802
3813
3740
3812
3806
3850
3784
3810
3776
3793
3786
3722
3789
3732
3743
3728
3738
3701
3744
3849
3808
3845
3886
3787
3679
3724
3779
3800
3798
3766
3765
3810
3819
3824
3726
3755
3727
3798
3896
3840
3848
3762
3765
3761
3721
3802
3798
3789
3795
3819
3875
3856
3805
3809
3802
3891
3868
3931
3850
3837
3811
3780
3807
3885
3897
3833
3860
3791
3760
3847
3791
3777
3833
3827
3765
3789
3751
3836
3728
3755
3782
3828
3948
3820
3920
3853
3873
3916
3900
3938
3884
3955
4035
3926
3897
3927
3981
4006
3969
3888
3972
3904
3904
3958
3943
3977
3871
3916
3894
3973
3948
3897
3942
3896
4013
3945
3957
3891
4041
3912
3859
3875
3890
3805
3834
3861
3826
3956
3801
3787
3817
3784
3778
3798
3872
3885
3806
3931
3998
3993
4003
3955
3934
4009
4046
4008
3950
3903
3951
4029
4057
4065
4078
4017
4020
4070
4148
4170
4061
4071
3992
4006
4073
4022
4043
4107
4092
4012
3981
3962
4063
4065
3953
3999
4026
4023
3931
4044
3973
4064
3957
4029
3991
3992
3905
3875
3868
3906
3928
3973
3969
3916
3943
4005
4018
3949
3889
3990
4043
4045
4130
4019
4088
4060
4043
4120
4037
3968
4015
4145
4060
4074
4077
4034
4081
4053
4044
4140
4051
4099
4051
4073
4095
4083
4183
4209
4203
4085
4078
4131
4186
4064
4072
4061
3974
4004
4076
4076
4053
3996
3983
3975
3918
3969
4042
4036
4019
3968
4031
3996
4006
4008
4050
4047
3984
4075
4041
4019
4014
4018
4106
3980
4056
4067
4067
4085
4098
4036
4045
4048
4072
4057
4072
4080
4123
4090
4077
4048
4034
4036
4124
4062
4121
4073
4102
4074
4089
3988
4063
4033
3962
4075
4105
4049
3947
3935
3953
4043
3993
4019
4019
3975
4020
4037
4142
4096
4054
4099
4149
4138
4128
4041
3997
4065
4100
4117
4049
4003
4038
3978
4021
4132
3954
3941
3975
4116
4053
3949
4052
3910
3982
3930
3936
3919
3965
4003
3915
4036
3978
3954
4121
4004
3955
4048
3919
4032
4027
4138
4067
4063
4071
4098
4060
4034
4045
4071
4014
4080
4083
4125
4098
4032
4096
4106
3973
4066
4160
4158
4131
4125
4120
4023
4090
4027
4131
4010
4126
4106
4092
3976
4133
4098
4191
4047
4053
4070
4064
4041
4043
4039
4067
3952
3970
4021
4112
4049
4106
4105
3969
4032
4074
4065
4144
4060
4112
4065
4015
3941
4071
4064
3952
4031
4036
4002
4015
3972
4045
4054
4058
4104
4041
4031
4009
4053
3992
4150
3970
4012
4017
4062
4030
4047
4027
4064
4051
4048
4094
4048
4113
4090
4046
3986
4091
4069
4047
3996
4125
4025
4122
4118
4143
4029
4070
4110
4086
4075
4083
4117
4131
4126
4144
4144
4130
4181
4226
4213
4078
4170
4115
4235
4177
4123
4120
4143
4199
4166
4202
4199
4205
4101
4095
4085
4100
4141
4217
4154
4121
4113
4086
4048
4123
4172
4061
4092
4039
4049
4107
4072
4134
4125
4186
4144
4131
4114
4195
4204
4258
4241
4172
4203
4245
4323
4099
4082
4126
4156
4261
4086
4197
4166
4208
4215
4221
4150
3982
4090
4086
4110
4094
4101
4102
4184
4159
4167
4121
4180
4113
4164
4124
4098
4038
4123
4167
4139
4167
4130
4172
4189
4263
4154
4187
4160
4205
4215
4249
4173
4155
4195
4113
4210
4280
4234
4215
4205
4189
4217
4101
4155
4159
4089
4050
4015
4012
4113
4075
4146
4136
4136
4142
4045
4026
4062
4039
4071
4121
4112
4046
4039
4032
4039
4038
4109
3984
4098
4111
4034
4019
4007
4029
3984
4007
4110
3980
4007
4041
3968
3903
3973
4022
3998
3913
3949
3980
3855
3964
3991
3986
3944
4082
4066
4117
4112
4100
4105
4056
4038
4084
4086
4003
4055
4105
4093
4090
4157
4032
4080
4069
4118
4086
4104
4129
4191
4080
4136
4187
4227
4156
4205
4201
4123
4097
4133
4098
4095
4110
4062
4109
4067
4126
4113
4075
4120
4065
4058
4076
4123
4038
3994
4031
4006
4035
4069
4012
4121
4061
4027
4076
4043
4087
4043
4105
4036
4157
4090
4119
4092
4067
4133
4012
4047
4087
4084
4076
4108
4099
4016
4054
4004
3985
3910
4027
4072
4049
4033
4039
4047
3995
4112
4130
4083
4159
4214
4078
4068
4115
3998
4103
4077
4034
3978
4039
4057
4051
3962
4003
4107
4029
4028
3980
4070
4095
4101
4017
4080
3999
4066
4023
4066
4116
3998
4040
4070
4085
4075
4145
4151
4043
4120
4076
4024
4008
4100
4034
4042
4077
4058
4044
3981
4155
4087
4016
4055
3993
4080
4015
4043
4001
4076
4117
4173
4116
4209
4219
4113
4238
4167
4089
4069
4208
4231
4179
4156
4179
4187
4124
4161
4157
3992
4043
4078
4076
4158
4081
4099
4070
4027
4019
4093
4061
4047
4052
4013
4090
4015
4043
4042
3972
4088
4029
3992
4045
4076
3993
4069
4060
4142
4126
4062
3980
4091
4094
4023
3983
3978
3944
3929
4047
4000
3996
4042
3971
3976
4002
4040
3984
4037
3995
3918
3985
4044
3968
3874
3979
3917
3938
3907
3986
3952
4002
3998
3959
4028
3917
3974
3931
3951
3940
4038
4056
3974
4068
4038
3976
4095
3969
4078
4024
3930
4001
3965
4013
4034
3943
4005
3982
4012
4040
3963
4051
3969
3954
3959
3938
3895
3932
3885
3979
3899
3877
3920
3906
3925
3934
3948
3937
4013
4024
3994
3978
4016
4027
4068
3970
3978
4064
4065
3943
3947
4019
4022
3974
3967
4026
3997
3968
4044
3935
4097
4059
3991
3987
3997
3987
3991
4008
4099
4032
3976
3962
3939
3968
4055
3989
3948
3921
4029
4070
4058
3949
3920
3995
4019
3993
4007
4018
4033
4022
4033
4010
4075
3988
4013
4014
3998
3993
4005
4051
4077
4088
4073
3999
4046
4015
4024
3971
4070
4044
3987
4016
4065
4037
4107
4049
3999
4032
3952
4097
4048
4088
4087
4143
4111
4058
4079
4033
4009
3963
3987
3920
3990
4024
4041
4011
4039
3981
4032
3981
3996
4069
3990
4013
4107
4057
4039
4044
4100
4099
4043
4068
3989
4111
4082
4127
4082
4126
4154
4139
4112
4030
4096
4040
4070
4019
4080
4061
3950
4093
4147
4129
4136
4080
4011
4037
3973
3941
4071
4012
4034
4015
4010
3977
3994
3938
4022
4102
4085
4254
4061
4090
4081
3968
4009
3961
4010
3973
4006
3963
4017
4008
3938
3988
4027
4003
4019
3992
3956
4004
4041
4030
4059
4054
3927
3962
3971
3998
3936
3994
3967
3921
3934
3982
4007
3937
3965
3943
3949
3981
4061
4041
3992
4036
4058
4034
4106
4066
4111
4146
4143
4074
4029
4059
4049
4111
4030
4088
4086
3992
4059
4011
3984
4028
4006
4066
4086
3965
4120
4007
4049
4115
4148
4031
4067
4009
4069
3944
4066
4006
4042
4056
4019
4021
4013
4002
4076
4002
4029
3936
4060
4008
4049
4050
3988
4082
4042
4073
4091
4018
3987
4030
4108
4096
4017
3969
4030
4052
3965
3977
4030
3991
4012
4066
4031
4019
4065
4133
4088
4183
4091
4058
4136
4147
4026
4047
3975
4001
4085
4092
4044
4121
4071
3986
4045
4041
4051
4091
4010
4105
4068
4064
3948
4007
4033
4037
4013
4061
4041
4008
4005
3947
3998
3984
4026
4060
4023
4011
4078
4152
4144
4107
4093
4061
4045
4033
4088
4029
3906
3977
4017
3852
3864
3821
3942
3993
3989
4022
3873
4011
4039
3933
3936
3909
3872
3956
3875
3930
3958
3983
3952
3925
3903
3867
3953
3888
3951
3873
3926
3927
3958
3954
3968
3990
3952
3916
3868
4050
4002
3956
3927
3986
3856
3943
3967
3972
4031
3939
3993
3985
3946
4032
4017
4032
4042
4054
4048
4063
3977
4018
4028
4101
4010
4025
4076
4113
4041
3984
4027
4099
3987
4037
4005
3979
3889
4021
4038
4117
4022
4012
4019
4004
3995
3926
4004
3925
3910
3951
3939
3928
3919
4015
3987
4073
4019
4150
4037
4054
3972
3966
3841
3864
3896
3985
3925
4021
4011
3894
3964
3972
3973
3998
3964
4001
3988
3997
4069
4050
4042
4038
4022
4004
3908
3954
4027
3962
4044
4002
4000
4023
3984
4078
4038
4039
3983
3997
4035
4026
3957
4012
3920
3981
4005
4057
4035
4012
3964
4013
4042
3956
4015
3832
4015
3988
3965
4002
3945
3943
3890
3982
4025
3998
4017
4019
3985
3907
4002
4002
4001
4025
3978
3946
3938
4061
4003
4064
4104
3970
4017
3975
4050
4118
4077
4099
4055
3994
3957
4000
3954
3942
3992
3932
4009
4040
4031
3995
3972
3962
3972
4039
4023
4008
3935
3995
4100
4019
4062
3856
3954
3966
3925
3856
3850
3995
3931
3972
4058
4029
3983
3959
3984
3922
3936
3900
3942
3881
3953
3914
3969
3925
3931
3859
3995
3941
3954
3941
3990
3994
4021
4012
4001
4004
3932
3950
4010
3952
3917
3994
3964
3925
3914
3860
3945
3883
3948
3978
3897
3993
3941
3916
3900
3941
3847
3942
3879
3978
3908
3910
3890
3902
3988
3934
4041
4016
3976
3979
3982
3979
3953
3964
3972
4027
4008
4010
3997
3938
3867
3987
4016
4020
4050
4000
3951
3933
3995
3977
3985
4002
3979
3977
4003
3948
4012
3867
3961
3890
3864
4015
3969
3949
3962
3940
3946
4081
4050
3965
3908
3934
3838
3861
3877
3952
3995
3999
4078
4052
4054
4012
4021
3950
3941
3870
3921
3922
3949
3959
3969
3908
3956
3902
3985
3944
3928
3982
4032
3976
3960
4055
4033
3949
3988
3978
3974
4071
3992
4016
4037
4039
4073
4013
4129
4174
4077
4071
4017
4089
4076
4035
4021
4047
4040
4136
4005
3985
4055
4003
4082
4111
3990
3959
4111
4042
4103
4004
4061
4056
3966
4080
4088
4075
4092
4120
4162
4168
4063
4034
4070
4013
4066
4100
4026
4134
4013
4103
4030
4036
3997
4130
4110
4018
4071
4132
4100
4091
4021
4003
4138
4090
4030
3946
3917
3975
3995
4057
4130
4084
4184
4175
4092
3965
4070
4049
3981
4058
4016
4062
3984
4088
4006
4053
4052
3989
4025
4033
3969
4040
3966
3980
4053
4014
3978
3928
3922
3990
3966
3882
4071
4011
3949
3987
4091
4088
4139
4091
4069
3973
3995
3978
3991
3958
4071
4055
3996
3962
3850
4038
3997
3963
4037
4009
3900
4045
3927
3979
3927
3979
3993
4006
3908
4013
4035
4045
4013
4027
3931
4000
3989
3961
4082
3960
3989
3936
3868
3971
3915
3901
4015
3954
3953
3913
3956
3966
3922
3963
3961
3893
3988
3974
3816
3931
3963
3957
4012
3932
3970
4007
3970
4023
4008
3969
3994
3999
3933
3865
3931
3912
3931
3869
3906
3868
3919
3963
3947
3937
3916
4002
3990
3916
3904
3995
3954
3945
4011
3953
3961
3983
3931
4017
3927
3934
3925
3939
3862
3912
4041
4047
3956
3922
3980
3981
4001
4084
4058
4066
4147
4028
4077
4014
4147
3965
3994
3922
3924
3995
3988
3959
4033
3966
3948
3980
3938
3978
3939
4034
3976
4089
4058
4126
4152
4121
4137
4093
4005
4005
4056
3995
4072
3955
3931
3962
4015
4081
4028
4141
4081
4019
4014
3995
3970
4080
4044
4016
4008
4050
3981
4048
3921
4071
3990
3929
3882
4012
3887
3914
3841
3920
3868
3909
3925
3988
3967
3900
3923
3982
3932
3945
3908
3926
3854
3839
4036
4043
3943
3961
4086
4043
4023
3994
3975
3969
3920
3945
3896
3833
3953
3871
3932
3949
3927
4120
3881
3920
4018
3940
3993
3961
3951
4047
3947
3914
3853
3864
3977
3924
3918
3973
3965
4016
4009
3896
3967
3933
3955
3945
3955
3941
3932
3963
3972
4012
3935
3997
3973
4039
3984
4006
3989
3981
3975
3967
3941
3973
4056
4054
3956
3946
4020
3921
3920
3906
3987
3980
3973
3957
4008
3957
3916
3912
3918
4037
3979
4066
4025
3979
3945
4003
3990
3972
4076
4048
4039
3974
4052
3987
4023
4022
4043
4010
4035
4011
4108
4075
4122
4080
3962
3993
4083
4008
4113
4015
4098
4041
4000
4015
4050
4058
4014
3966
3943
4011
3963
4053
4061
4011
3999
3966
3899
3947
3989
4033
4068
4128
4043
4072
4038
4083
4016
4031
4020
4012
4017
4081
4135
3975
4057
4037
4092
4037
3979
4063
4055
3996
4014
4096
4037
4012
3991
3995
4096
4143
4015
4093
4067
4056
4043
4026
4017
3957
3977
3962
3963
4015
4047
4028
3956
3929
4046
4043
4056
3999
3954
4005
3929
4036
4010
4088
3996
3985
3982
3957
3931
3950
3998
3987
4009
3987
3931
3950
3961
4018
3867
3892
4063
3989
3951
3924
3832
3878
3836
3932
3920
3960
3970
3909
3946
3966
3991
3902
3889
3882
3960
3921
4016
4114
4069
4024
4034
3987
3970
3923
4005
3932
4095
4006
4015
4055
3976
4068
4055
4106
4040
3975
3977
4018
4030
3951
4052
4022
4008
4083
4011
4037
3998
4083
4165
4076
4045
3989
3979
4053
4000
3969
3986
3992
4000
3889
3960
3978
4036
4070
4084
4007
3919
3924
3887
3944
4001
3961
3909
3947
3977
3980
4098
4025
4006
4055
4035
4002
4093
3993
4042
4107
4115
4125
4005
4074
4046
4011
4000
4001
4011
4131
4193
4101
4127
3983
4013
4067
4096
4050
4116
4128
4115
4152
4097
4062
4126
4117
4094
4140
4104
4151
4111
4083
4064
4087
4160
4126
4103
4064
4044
4088
4035
4044
4012
4018
4043
4048
4089
4062
4002
4042
4002
3961
3990
4025
4034
4009
3990
4045
4039
4092
4054
4054
4134
4069
4108
4062
4008
4047
4047
4042
3974
4056
4162
4145
4023
4070
4092
4040
4127
4123
4199
4121
4120
4241
4108
4172
4205
4235
4103
4119
4070
4085
4100
4080
4085
4050
4156
4128
3953
3991
4054
4044
4044
4079
4104
3987
4062
4064
4039
3952
4108
4089
4078
4073
4054
4073
3989
4079
4068
4006
3920
4072
4006
3992
3987
4008
4037
4004
4039
4094
4031
4147
4138
4144
4226
4154
4127
4076
4088
4150
4083
4116
4126
4101
4131
4120
4125
4101
4168
4133
4074
4141
4146
4122
4145
4118
4191
4073
4083
4097
4171
4120
4006
4032
4035
3995
4012
4127
4018
4076
4076
4182
4054
4135
4083
4049
4076
4032
4074
4118
4127
4117
4060
4002
3990
3993
4092
4087
4025
3992
3932
4033
4131
4047
3903
3942
3864
4031
3916
3998
3955
4010
3980
3997
4055
4002
3943
4016
4006
3898
4024
3993
4067
4095
4083
3985
3984
4006
4059
4151
4004
4059
4000
4058
4034
4028
4053
4051
4050
4069
4070
4047
4103
4063
4095
4063
3964
4042
4018
4095
4033
3994
4060
4014
4009
4137
4154
4130
4030
4075
4167
4062
4103
4126
4163
4130
4103
4110
4107
4105
4127
4079
4060
4081
3947
4002
4050
4085
4028
4123
3996
4047
3992
4037
4049
4064
4067
4006
4005
4098
4042
3913
3983
4008
4114
4065
4055
4060
4090
4082
4064
4129
4086
4173
4133
4095
4131
4027
4069
4023
4064
4053
4115
4019
4073
4091
4095
4118
4040
4091
4007
4033
4049
4007
4014
4080
4069
4021
3991
4051
4102
4062
4093
4057
4060
4153
4134
4112
4081
4075
4062
4121
4142
4092
4112
4098
4141
4053
4215
4162
4054
4083
4180
4194
4094
4076
4076
4157
4175
4146
4131
4162
4141
4024
4043
4122
4070
4075
4114
4133
4212
4113
4067
4075
4091
4087
4084
4102
4075
4092
4162
4140
4145
4099
4134
4114
4094
4087
4092
4128
4082
4014
4058
4101
4200
4176
4094
4085
4069
4121
4137
4148
4060
4132
4079
4149
4111
4035
4032
4001
4136
4180
4190
4162
4062
4177
4162
4184
4189
4172
4086
4174
4208
4248
4213
4139
4198
4125
4211
4231
4026
4150
4125
4164
4176
4146
4132
4072
4100
4107
4122
4150
4128
4139
4141
4110
4083
4075
4164
4101
4149
4189
4135
4113
4094
4173
4063
4058
4164
4131
4178
4179
4161
4183
4128
4092
4123
4062
4184
4108
4169
4184
4143
4180
4173
4257
4132
4126
4154
4187
4217
4192
4167
4175
4118
4147
4115
4057
4170
4095
4097
4046
4152
4091
4174
4157
4042
4091
4054
4113
4138
4063
4033
4046
3999
4114
4146
4018
4144
4142
4109
4114
4157
4064
4084
4123
4207
4188
4119
4158
4147
4089
4047
4069
4132
4123
4133
4232
4134
4106
4116
4172
4159
4254
4149
4072
4152
4114
4157
4140
4048
4007
4016
4085
4139
4029
4148
4090
4082
3982
4107
4057
4131
4143
4031
4099
4060
4095
4101
4009
3999
4116
4044
4050
4039
4012
4117
4164
4046
4166
4146
4129
4195
4042
4036
4212
4219
4079
4153
4177
4180
4166
4091
4087
4089
4048
4182
4056
4076
4115
4081
4088
4100
3980
4013
4053
4061
4202
4214
4171
4187
4140
4135
4157
4156
4110
4139
4182
4199
4256
4191
4106
4171
4171
4246
4252
4291
4322
4332
4169
4203
4220
4194
4295
4238
4205
4145
4284
4264
4292
4310
4253
4315
4207
4251
4294
4304
4220
4262
4257
4165
4282
4272
4179
4302
4294
4159
4282
4297
4300
4287
4295
4132
4227
4334
4239
4218
4216
4173
4203
4279
4254
4209
4139
4221
4185
4251
4177
4199
4287
4147
4195
4132
4129
4255
4282
4212
4170
4231
4240
4229
4258
4353
4305
4102
4259
4198
4239
4258
4239
4190
4110
4074
4078
4153
4125
4107
4154
4075
4062
4115
4153
4132
4110
4160
4137
4089
4092
4185
4263
4291
4151
4131
4128
4201
4186
4091
4188
4224
4232
4120
4100
4092
4132
4090
4155
4138
4186
4255
4080
4161
4184
4223
4123
4135
4186
4123
4134
4156
4115
4162
4173
4256
4152
4261
4246
4231
4195
4141
4200
4166
4173
4096
4088
4204
4201
4205
4212
4214
4256
4221
4212
4175
4184
4247
4166
4183
4134
4245
4257
4269
4151
4074
4062
4115
4206
4118
4181
4111
4140
4205
4117
4201
4200
4164
4156
4124
4162
4277
4138
4104
4237
4180
4240
4159
4207
4189
4132
4204
4110
4202
4228
4149
4181
4179
4174
4144
4135
4192
4127
4233
4159
4225
4154
4155
4099
4243
4096
4173
4252
4195
4173
4153
4089
4225
4116
4145
4216
4203
4140
4120
4007
4037
4162
4166
4127
4153
4138
4202
4235
4130
4188
4054
4128
4188
4174
4101
4180
4215
4130
4144
4209
4139
4060
4180
4124
4193
4152
4068
4109
4201
4190
4221
4240
4263
4264
4252
4217
4276
4159
4240
4218
4235
4264
4245
4270
4180
4202
4134
4114
4120
4246
4251
4201
4227
4258
4295
4290
4420
4353
4256
4321
4207
4251
4321
4231
4287
4319
4204
4252
4135
4196
4293
4305
4276
4313
4258
4225
4219
4177
4282
4284
4185
4184
4168
4306
4192
4215
4291
4258
4114
4114
4249
4192
4215
4145
4240
4216
4220
4211
4264
4262
4282
4173
4235
4171
4175
4259
4179
4172
4208
4121
4291
4201
4228
4237
4195
4131
4206
4212
4207
4218
4183
4237
4205
4320
4254
4240
4276
4427
4323
4243
4300
4240
4226
4352
4316
4403
4375
4446
4276
4419
4298
4250
4215
4233
4248
4221
4193
4198
4187
4392
4313
4287
4291
4371
4260
4329
4316
4240
4247
4296
4249
4307
4278
4236
4271
4296
4253
4285
4301
4296
4285
4314
4295
4189
4355
4203
4328
4322
4288
4197
4149
4185
4258
4187
4183
4288
4213
4230
4219
4152
4300
4258
4307
4259
4261
4400
4318
4358
4349
4300
4347
4353
4307
4312
4269
4331
4384
4345
4357
4299
4372
4294
4298
4363
4336
4312
4315
4408
4279
4355
4272
4300
4366
4268
4195
4307
4212
4225
4349
4279
4210
4331
4312
4307
4286
4283
4187
4243
4323
4348
4344
4351
4272
4281
4245
4337
4335
4217
4433
4272
4280
4297
4318
4348
4260
4275
4220
4320
4343
4297
4240
4281
4181
4163
4252
4290
4326
4261
4210
4220
4399
4267
4331
4309
4279
4205
4306
4290
4337
4251
4337
4334
4310
4318
4266
4244
4209
4274
4271
4327
4283
4251
4308
4365
4291
4407
4462
4269
4349
4280
4345
4407
4338
4348
4342
4367
4314
4381
4371
4451
4415
4463
4353
4456
4391
4428
4439
4334
4258
4323
4275
4264
4374
4342
4320
4333
4298
4263
4267
4435
4359
4360
4295
4420
4405
4392
4360
4386
4410
4377
4370
4393
4310
4373
4369
4443
4434
4265
4324
4207
4290
4360
4355
4285
4314
4333
4346
4298
4270
4345
4308
4342
4403
4361
4311
4286
4315
4299
4394
4339
4395
4279
4334
4249
4310
4392
4345
4206
4244
4343
4262
4198
4292
4360
4359
4310
4327
4272
4280
4197
4104
4230
4217
4258
4300
4277
4209
4158
4130
4193
4198
4281
4249
4236
4254
4112
4140
4102
4214
4206
4270
4252
4168
4207
4264
4217
4194
4240
4282
4213
4276
4298
4269
4242
4263
4238
4249
4343
4272
4344
4273
4323
4397
4439
4472
4463
4399
4338
4374
4351
4337
4389
4336
4322
4261
4245
4335
4331
4346
4399
4287
4341
4381
4404
4436
4427
4369
4361
4346
4354
4341
4326
4281
4375
4395
4409
4359
4424
4437
4402
4262
4316
4258
4357
4427
4329
4321
4371
4397
4469
4349
4370
4439
4451
4322
4317
4253
4269
4296
4304
4335
4266
4163
4226
4159
4208
4266
4239
4174
4237
4283
4206
4209
4232
4207
4233
4284
4225
4224
4216
4235
4234
4297
4275
4245
4170
4188
4242
4354
4268
4194
4226
4155
4185
4153
4263
4266
4268
4225
4183
4195
4164
4184
4152
4148
4209
4246
4255
4271
4194
4195
4247
4250
4254
4180
4181
4184
4325
4278
4317
4300
4267
4208
4370
4257
4288
4275
4187
4185
4089
4154
4107
4183
4244
4222
4174
4171
4271
4208
4135
4208
4253
4165
4178
4254
4232
4305
4267
4364
4270
4272
4226
4264
4315
4336
4295
4254
4237
4212
4178
4181
4230
4253
4243
4200
4223
4205
4104
4071
4139
4164
4210
4225
4238
4092
4191
4172
4122
4110
4096
4172
4187
4213
4207
4270
4187
4302
4168
4203
4209
4257
4295
4259
4305
4277
4269
4242
4300
4175
4327
4318
4368
4348
4219
4290
4251
4228
4283
4284
4300
4353
4300
4299
4325
4237
4351
4254
4321
4285
4281
4312
4293
4330
4377
4377
4367
4342
4214
4330
4335
4251
4198
4333
4328
4335
4309
4283
4297
4297
4233
4206
4315
4272
4219
4284
4303
4236
4203
4196
4111
4298
4251
4274
4248
4219
4245
4198
4285
4195
4207
4243
4238
4247
4334
4303
4273
4362
4265
4167
4245
4209
4238
4269
4346
4340
4323
4283
4275
4262
4234
4294
4171
4281
4259
4251
4249
4169
4145
4176
4174
4229
4248
4183
4235
4167
4161
4237
4224
4155
4291
4219
4208
4396
4219
4199
4228
4214
4172
4172
4151
4196
4258
4257
4224
4204
4239
4384
4249
4259
4290
4127
4201
4253
4187
4217
4207
4211
4205
4106
4232
4228
4184
4205
4141
4273
4126
4231
4215
4278
4255
4302
4201
4252
4242
4252
4281
4273
4309
4250
4349
4190
4237
4220
4230
4234
4260
4239
4126
4200
4140
4226
4201
4289
4316
4280
4200
4177
4227
4215
4254
4226
4186
4248
4167
4236
4177
4193
4169
4185
4057
4219
4290
4264
4266
4199
4223
4248
4238
4284
4124
4264
4274
4190
4242
4154
4238
4224
4240
4187
4217
4222
4199
4250
4307
4241
4282
4137
4253
4208
4207
4311
4243
4298
4361
4278
4329
4248
4350
4240
4193
4306
4242
4283
4224
4241
4331
4257
4299
4315
4313
4366
4226
4329
4317
4340
4296
4339
4351
4204
4248
4211
4233
4289
4116
4276
4221
4335
4176
4286
4361
4216
4282
4334
4345
4284
4228
4182
4203
4322
4247
4223
4272
4316
4169
4246
4202
4249
4311
4241
4202
4144
4128
4151
4276
4322
4204
4230
4194
4204
4273
4213
4197
4324
4327
4293
4294
4228
4257
4258
4245
4316
4230
4289
4283
4201
4126
4223
4285
4249
4218
4263
4145
4281
4271
4202
4174
4210
4156
4225
4292
4334
4261
4235
4328
4302
4353
4323
4367
4287
4255
4272
4324
4205
4191
4156
4221
4273
4253
4262
4186
4190
4276
4206
4230
4337
4211
4243
4244
4255
4324
4361
4339
4337
4370
4374
4342
4303
4281
4289
4365
4260
4258
4196
4308
4216
4166
4268
4244
4181
4241
4270
4252
4254
4208
4267
4229
4298
4229
4221
4202
4265
4285
4182
4222
4277
4191
4232
4214
4218
4196
4179
4149
4190
4224
4180
4222
4129
4217
4155
4261
4173
4218
4198
4205
4213
4130
4135
4122
4145
4184
4227
4266
4213
4259
4243
4238
4213
4208
4268
4292
4227
4284
4144
4249
4226
4170
4191
4207
4205
4260
4323
4247
4285
4250
4296
4329
4289
4280
4249
4172
4199
4160
4270
4293
4268
4241
4192
4189
4123
4151
4126
4229
4079
4188
4158
4158
4259
4248
4189
4237
4278
4183
4264
4171
4128
4335
4230
4240
4190
4201
4200
4122
4151
4104
4096
4134
4055
4141
4205
4271
4118
4126
4148
4120
4077
4087
4137
4041
4069
4083
4136
4143
4186
4061
4108
4201
4205
4200
4115
4180
4142
4165
4213
4226
4134
4148
4155
4268
4191
4152
4133
4094
4060
4160
4173
4160
4190
4197
4209
4201
4150
4175
4186
4146
4175
4113
4156
4106
4179
4204
4270
4350
4202
4214
4186
4163
4197
4211
4270
4287
4155
4154
4190
4170
4097
4272
4253
4221
4239
4195
4168
4230
4213
4169
4240
4200
4311
4291
4216
4327
4258
4256
4169
4223
4181
4152
4235
4211
4176
4193
4140
4111
4139
4138
4141
4117
4157
4204
4135
4098
4174
4209
4130
4183
4189
4112
4154
4194
4178
4263
4203
4134
4135
4145
4213
4168
4040
4172
4155
4149
4112
4131
4175
4160
4222
4230
4165
4150
4244
4207
4221
4175
4193
4167
4132
4178
4233
4128
4187
4153
4113
4139
4134
4129
4203
4257
4285
4273
4265
4254
4279
4238
4212
4303
4247
4266
4272
4256
4302
4220
4197
4228
4175
4167
4204
4170
4205
4144
4102
4118
4170
4157
4161
4133
4221
4202
4237
4214
4186
4199
4125
4229
4256
4207
4294
4220
4150
4176
4129
4262
4197
4212
4260
4265
4361
4251
4239
4219
4242
4178
4214
4173
4153
4134
4116
4211
4190
4264
4221
4170
4161
4197
4221
4163
4164
4150
4182
4290
4264
4248
4139
4066
4160
4076
4070
4166
4086
4117
4210
4159
4106
4195
4249
4280
4226
4302
4276
4353
4273
4207
4197
4280
4172
4203
4211
4225
4194
4312
4221
4204
4241
4323
4175
4139
4217
4093
4113
4238
4088
4102
4121
4145
4241
4174
4128
4239
4177
4190
4178
4256
4271
4268
4236
4089
4227
4220
4273
4194
4158
4194
4240
4175
4237
4233
4339
4335
4332
4268
4271
4299
4209
4288
4413
4304
4218
4187
4085
4222
4099
4248
4287
4303
4226
4171
4083
4142
4260
4176
4191
4163
4149
4203
4226
4251
4336
4220
4206
4205
4289
4180
4238
4192
4185
4201
4275
4313
4224
4259
4194
4280
4309
4188
4276
4278
4310
4229
4297
4273
4265
4269
4308
4262
4321
4268
4270
4295
4398
4365
4393
4395
4434
4476
4351
4329
4215
4273
4324
4268
4334
4262
4287
4245
4247
4262
4194
4320
4311
4305
4296
4269
4238
4246
4328
4279
4352
4380
4347
4326
4256
4190
4288
4243
4210
4192
4237
4306
4256
4253
4196
4285
4231
4292
4245
4265
4118
4244
4288
4208
4200
4289
4231
4269
4177
4152
4185
4151
4112
4121
4186
4202
4263
4194
4284
4232
4238
4201
4158
4141
4217
4116
4217
4180
4217
4178
4241
4252
4185
4206
4235
4234
4296
4249
4228
4126
4188
4245
4317
4178
4280
4259
4315
4319
4213
4285
4327
4326
4436
4322
4355
4308
4289
4273
4319
4254
4301
4240
4269
4339
4325
4255
4257
4281
4337
4309
4291
4359
4352
4361
4327
4316
4334
4423
4314
4320
4306
4261
4304
4337
4284
4323
4328
4398
4379
4309
4389
4369
4438
4448
4424
4358
4378
4358
4350
4368
4397
4272
4313
4344
4344
4343
4353
4355
4299
4164
4335
4309
4317
4237
4275
4310
4362
4331
4317
4269
4297
4358
4400
4447
4403
4409
4394
4419
4422
4405
4509
4363
4397
4320
4399
4400
4442
4359
4395
4397
4337
4298
4283
4304
4323
4461
4312
4386
4265
4447
4430
4394
4442
4334
4423
4398
4421
4379
4310
4286
4288
4372
4394
4331
4378
4258
4326
4265
4275
4263
4250
4317
4379
4393
4346
4273
4237
4294
4405
4317
4329
4339
4327
4332
4408
4440
4312
4362
4332
4320
4353
4271
4360
4271
4345
4329
4404
4311
4370
4400
4275
4338
4331
4414
4323
4299
4308
4252
4281
4338
4340
4336
4238
4318
4331
4223
4335
4344
4321
4194
4290
4317
4253
4242
4306
4335
4244
4336
4381
4337
4270
4268
4330
4211
4248
4235
4279
4257
4328
4309
4245
4209
4170
4278
4277
4248
4231
4234
4167
4271
4245
4175
4250
4242
4191
4185
4251
4290
4384
4342
4348
4259
4384
4379
4385
4325
4364
4222
4362
4347
4368
4368
4433
4439
4395
4382
4416
4419
4432
4292
4341
4344
4367
4329
4395
4341
4420
4385
4445
4433
4474
4398
4491
4378
4400
4429
4353
4359
4394
4513
4417
4516
4459
4502
4449
4362
4365
4357
4311
4336
4276
4358
4336
4281
4325
4293
4388
4351
4342
4282
4329
4385
4344
4315
4327
4335
4322
4385
4372
4380
4410
4347
4326
4331
4354
4354
4386
4312
4281
4380
4386
4323
4217
4270
4267
4306
4224
4234
4272
4230
4270
4250
4221
4244
4248
4176
4220
4190
4245
4351
4367
4415
4274
4235
4333
4226
4292
4294
4283
4318
4374
4380
4369
4310
4337
4393
4405
4432
4326
4366
4332
4289
4340
4284
4414
4301
4322
4299
4297
4383
4364
4324
4251
4215
4272
4290
4267
4327
4261
4273
4258
4262
4303
4322
4317
4316
4265
4206
4263
4307
4261
4216
4249
4308
4288
4365
4331
4299
4280
4214
4339
4341
4354
4291
4385
4347
4294
4298
4384
4323
4238
4182
4311
4165
4244
4261
4231
4222
4316
4205
4273
4152
4222
4292
4256
4339
4322
4374
4278
4244
4269
4213
4319
4245
4248
4197
4310
4298
4342
4292
4243
4288
4292
4350
4299
4346
4318
4312
4325
4316
4251
4335
4308
4303
4316
4317
4384
4370
4270
4340
4246
4306
4256
4319
4264
4292
4419
4257
4341
4255
4237
4257
4334
4335
4307
4332
4297
4319
4234
4305
4210
4200
4269
4250
4223
4222
4284
4320
4358
4281
4265
4235
4241
4234
4339
4304
4300
4287
4336
4277
4306
4187
4253
4202
4172
4222
4212
4211
4198
4215
4240
4221
4242
4286
4300
4297
4264
4308
4216
4176
4166
4306
4205
4151
4224
4294
4123
4202
4274
4182
4199
4203
4210
4196
4146
4164
4132
4205
4211
4181
4193
4338
4195
4267
4177
4272
4259
4293
4392
4368
4291
4344
4313
4278
4344
4266
4289
4314
4351
4232
4310
4266
4283
4288
4186
4307
4320
4279
4268
4194
4214
4192
4225
4253
4254
4297
4181
4205
4297
4245
4262
4209
4238
4206
4296
4299
4385
4331
4325
4286
4376
4167
4313
4308
4251
4201
4280
4090
4150
4253
4279
4162
4172
4130
4237
4228
4100
4197
4155
4250
4277
4211
4272
4126
4217
4195
4301
4302
4242
4207
4240
4218
4313
4299
4300
4316
4419
4309
4304
4299
4202
4287
4231
4209
4253
4234
4206
4326
4282
4247
4295
4191
4317
4373
4382
4415
4348
4365
4356
4378
4322
4328
4351
4391
4390
4382
4413
4504
4428
4315
4396
4392
4441
4383
4358
4380
4434
4405
4382
4355
4298
4372
4328
4359
4370
4380
4415
4389
4441
4349
4419
4318
4324
4316
4314
4321
4428
4376
4359
4319
4285
4385
4404
4295
4234
4429
4426
4400
4347
4281
4321
4334
4241
4346
4332
4326
4330
4406
4308
4341
4294
4267
4357
4411
4252
4291
4288
4416
4501
4476
4370
4313
4444
4420
4323
4374
4400
4483
4467
4483
4470
4482
4415
4509
4365
4390
4383
4425
4410
4437
4393
4332
4358
4477
4357
4329
4287
4353
4223
4234
4256
4331
4299
4319
4308
4291
4237
4317
4315
4285
4250
4308
4267
4272
4242
4387
4302
4271
4248
4382
4331
4334
4270
4324
4321
4313
4352
4410
4286
4351
4325
4381
4319
4408
4320
4264
4356
4246
4224
4380
4303
4264
4386
4439
4354
4376
4289
4310
4329
4353
4421
4328
4283
4346
4377
4312
4275
4300
4375
4373
4364
4254
4274
4325
4250
4309
4337
4350
4319
4231
4165
4231
4192
4241
4283
4242
4274
4346
4351
4362
4268
4285
4330
4208
4274
4208
4243
4255
4296
4258
4288
4170
4258
4217
4279
4241
4195
4254
4261
4279
4260
4319
4268
4323
4336
4307
4339
4239
4266
4206
4097
4213
4263
4224
4279
4232
4267
4250
4360
4332
4225
4382
4256
4313
4297
4364
4275
4354
4266
4253
4360
4222
4353
4315
4220
4309
4306
4306
4270
4243
4359
4338
4399
4321
4233
4285
4313
4460
4308
4314
4281
4341
4350
4418
4377
4375
4262
4465
4312
4297
4376
4329
4291
4279
4384
4385
4455
4399
4380
4439
4490
4379
4462
4446
4414
4469
4411
4446
4492
4391
4515
4379
4380
4433
4385
4365
4363
4350
4367
4279
4225
4287
4351
4314
4318
4376
4321
4305
4363
4324
4332
4437
4269
4326
4362
4386
4418
4350
4404
4469
4359
4361
4429
4326
4292
4337
4313
4418
4418
4355
4383
4376
4437
4370
4351
4443
4324
4365
4353
4319
4310
4376
4346
4311
4366
4377
4321
4414
4343
4380
4316
4408
4371
4445
4375
4287
4280
4323
4263
4281
4327
4308
4381
4453
4303
4296
4339
4328
4356
4255
4327
4401
4329
4389
4432
4455
4399
4362
4450
4434
4348
4377
4382
4310
4383
4377
4302
4321
4344
4301
4258
4227
4341
4310
4285
4335
4246
4328
4306
4272
4269
4312
4337
4356
4370
4459
4426
4421
4265
4390
4424
4414
4433
4364
4317
4338
4396
4422
4403
4487
4445
4394
4448
4441
4371
4452
4376
4413
4446
4484
4416
4390
4409
4414
4493
4561
4436
4421
4477
4403
4400
4392
4366
4307
4350
4358
4465
4447
4423
4502
4516
4381
4327
4338
4367
4336
4359
4348
4334
4371
4285
4266
4342
4262
4312
4330
4298
4342
4300
4395
4322
4402
4320
4358
4355
4371
4248
4349
4207
4310
4339
4303
4304
4378
4307
4410
4209
4161
4249
4250
4175
4129
4245
4227
4248
4307
4151
4183
4173
4169
4242
4244
4226
4186
4266
4253
4311
4315
4312
4339
4346
4296
4235
4329
4277
4281
4380
4379
4386
4302
4296
4299
4277
4373
4346
4318
4325
4332
4402
4421
4349
4310
4251
4350
4404
4362
4294
4335
4257
4283
4325
4258
4349
4190
4254
4293
4296
4314
4246
4323
4249
4311
4255
4288
4305
4264
4236
4257
4327
4305
4327
4318
4255
4385
4355
4284
4216
4286
4278
4280
4283
4292
4324
4255
4312
4305
4263
4380
4312
4248
4244
4292
4290
4286
4314
4320
4352
4288
4324
4274
4366
4293
4294
4279
4314
4277
4286
4247
4339
4295
4358
4287
4261
4264
4293
4231
4279
4261
4266
4214
4202
4242
4249
4352
4210
4294
4220
4286
4273
4195
4187
4304
4253
4283
4300
4424
4252
4300
4331
4227
4249
4306
4229
4291
4353
4321
4228
4282
4231
4334
4310
4284
4243
4348
4390
4312
4250
4312
4227
4331
4402
4248
4211
4285
4386
4320
4279
4254
4326
4364
4301
4369
4279
4354
4284
4294
4285
4298
4275
4321
4406
4443
4392
4322
4360
4364
4299
4313
4301
4383
4368
4485
4336
4377
4364
4384
4372
4360
4351
4309
4320
4396
4271
4232
4232
4267
4296
4310
4397
4438
4378
4262
4361
4336
4268
4278
4296
4314
4261
4331
4399
4316
4324
4292
4385
4364
4338
4368
4331
4305
4385
4294
4308
4350
4416
4387
4387
4366
4384
4450
4435
4389
4412
4402
4367
4350
4351
4331
4322
4317
4286
4321
4293
4379
4355
4264
4311
4290
4379
4340
4385
4464
4432
4411
4405
4394
4390
4331
4365
4273
4317
4375
4376
4391
4422
4399
4344
4364
4391
4293
4312
4358
4350
4375
4298
4338
4331
4360
4334
4304
4385
4397
4304
4409
4285
4328
4425
4419
4418
4369
4458
4414
4471
4467
4388
4390
4336
4296
4347
4311
4334
4309
4287
4372
4377
4331
4395
4326
4365
4388
4374
4292
4271
4296
4339
4352
4430
4413
4371
4428
4331
4344
4481
4368
4317
4273
4324
4266
4297
4295
4257
4345
4319
4331
4304
4302
4319
4411
4416
4323
4282
4368
4351
4292
4400
4398
4462
4447
4325
4410
4368
4390
4421
4320
4287
4310
4310
4255
4217
4304
4425
4518
4454
4362
4266
4300
4385
4411
4411
4441
4381
4269
4403
4376
4386
4371
4349
4472
4394
4329
4289
4457
4387
4371
4435
4390
4388
4349
4405
4444
4495
4486
4480
4477
4417
4420
4450
4412
4404
4338
4333
4372
4391
4464
4433
4409
4348
4433
4348
4387
4443
4377
4380
4366
4373
4270
4348
4383
4285
4333
4335
4418
4354
4406
4535
4434
4439
4381
4429
4399
4473
4367
4383
4447
4402
4440
4470
4455
4448
4393
4377
4398
4405
4278
4374
4379
4317
4267
4284
4282
4413
4423
4428
4429
4468
4497
4449
4406
4312
4394
4353
4416
4510
4416
4391
4335
4442
4411
4389
4452
4354
4456
4411
4365
4297
4359
4410
4295
4272
4288
4397
4313
4270
4422
4479
4504
4398
4483
4472
4413
4418
4438
4480
4377
4486
4466
4385
4443
4393
4440
4477
4335
4328
4410
4413
4389
4398
4382
4365
4445
4366
4453
4410
4452
4418
4432
4373
4363
4407
4346
4374
4392
4418
4321
4338
4383
4363
4389
4393
4403
4366
4319
4400
4476
4448
4389
4402
4553
4404
4463
4480
4338
4397
4450
4374
4358
4312
4456
4343
4395
4434
4373
4353
4355
4442
4441
4383
4417
4316
4324
4344
4309
4385
4473
4403
4366
4363
4355
4286
4303
4366
4353
4385
4363
4405
4286
4295
4389
4405
4305
4444
4400
4387
4337
4335
4370
4397
4436
4409
4436
4409
4371
4368
4341
4343
4437
4385
4417
4348
4400
4390
4308
4336
4353
4369
4314
4310
4272
4416
4403
4356
4354
4458
4373
4407
4365
4321
4297
4300
4292
4356
4343
4294
4387
4335
4365
4318
4351
4408
4399
4310
4286
4408
4268
4454
4454
4421
4375
4347
4337
4398
4350
4399
4420
4418
4479
4477
4371
4470
4426
4307
4367
4341
4379
4300
4329
4331
4370
4339
4281
4302
4292
4314
4342
4288
4403
4408
4379
4362
4440
4472
4461
4461
4482
4521
4491
4440
4363
4377
4416
4409
4378
4437
4468
4493
4417
4444
4491
4502
4447
4517
4509
4507
4453
4539
4470
4486
4392
4451
4357
4470
4492
4438
4523
4639
4557
4588
4518
4623
4432
4570
4586
4538
4535
4627
4533
4511
4549
4584
4546
4447
4505
4424
4447
4483
4567
4516
4542
4431
4413
4478
4478
4431
4504
4497
4470
4451
4548
4542
4525
4546
4432
4555
4460
4569
4611
4535
4477
4562
4501
4641
4600
4596
4596
4503
4443
4502
4442
4455
4511
4539
4715
4513
4522
4497
4545
4488
4582
4588
4552
4502
4529
4577
4426
4472
4422
4375
4442
4492
4483
4624
4505
4528
4550
4476
4441
4356
4444
4485
4510
4441
4431
4400
4535
4515
4408
4436
4482
4387
4453
4369
4420
4413
4418
4417
4448
4416
4431
4399
4447
4402
4405
4376
4477
4346
4501
4464
4464
4458
4394
4409
4395
4457
4384
4455
4433
4445
4461
4485
4479
4448
4542
4551
4489
4478
4453
4528
4401
4416
4423
4422
4411
4476
4449
4543
4473
4486
4426
4490
4531
4525
4352
4359
4450
4420
4403
4532
4507
4445
4458
4525
4446
4474
4563
4542
4544
4535
4540
4492
4472
4422
4487
4534
4598
4436
4472
4492
4521
4411
4467
4448
4460
4475
4356
4494
4494
4543
4455
4495
4459
4475
4534
4451
4454
4468
4463
4553
4509
4357
4453
4473
4410
4389
4327
4416
4429
4337
4497
4521
4446
4412
4400
4360
4430
4370
4466
4381
4440
4509
4456
4432
4416
4463
4502
4405
4591
4511
4516
4430
4478
4643
4589
4607
4496
4476
4536
4481
4445
4511
4401
4422
4465
4354
4511
4445
4406
4522
4493
4401
4468
4511
4509
4527
4530
4507
4555
4515
4452
4433
4400
4507
4452
4378
4384
4401
4491
4389
4494
4454
4514
4488
4507
4461
4503
4450
4420
4479
4411
4388
4413
4337
4377
4400
4479
4502
4511
4514
4538
4454
4482
4470
4472
4492
4493
4445
4542
4452
4486
4562
4469
4505
4471
4496
4414
4518
4568
4510
4526
4452
4417
4448
4451
4433
4368
4445
4500
4470
4437
4450
4361
4424
4466
4404
4451
4404
4393
4425
4474
4452
4495
4436
4431
4426
4431
4461
4423
4529
4397
4514
4434
4511
4536
4431
4471
4368
4505
4471
4387
4467
4464
4472
4522
4435
4427
4501
4482
4525
4511
4508
4492
4462
4398
4524
4434
4496
4553
4479
4517
4540
4545
4534
4554
4605
4514
4723
4603
4559
4599
4592
4678
4654
4543
4535
4616
4512
4499
4544
4580
4562
4661
4530
4563
4541
4612
4557
4595
4501
4501
4488
4567
4643
4668
4499
4719
4597
4584
4620
4589
4633
4587
4562
4564
4608
4527
4637
4648
4667
4607
4621
4560
4638
4594
4633
4627
4574
4508
4567
4658
4684
4530
4549
4669
4755
4636
4684
4672
4642
4575
4512
4532
4530
4554
4619
4642
4567
4649
4657
4648
4674
4665
4745
4646
4721
4626
4574
4667
4600
4652
4595
4625
4633
4595
4532
4559
4554
4677
4578
4631
4544
4614
4580
4489
4581
4675
4566
4596
4535
4571
4571
4596
4487
4632
4664
4517
4453
4554
4574
4568
4665
4635
4599
4558
4511
4656
4593
4665
4620
4519
4583
4530
4597
4567
4593
4490
4402
4567
4519
4597
4642
4480
4489
4537
4527
4558
4488
4574
4536
4499
4489
4581
4547
4620
4645
4554
4531
4578
4524
4556
4504
4526
4631
4555
4570
4702
4555
4668
4616
4542
4538
4471
4529
4591
4458
4587
4566
4486
4518
4515
4596
4585
4535
4506
4506
4552
4516
4457
4521
4503
4512
4561
4540
4489
4555
4493
4615
4446
4519
4575
4467
4560
4542
4521
4550
4511
4486
4483
4496
4479
4491
4482
4468
4518
4418
4497
4545
4502
4538
4491
4520
4565
4536
4531
4549
4505
4558
4478
4578
4542
4461
4630
4571
4570
4543
4545
4554
4651
4626
4510
4505
4496
4511
4559
4490
4578
4620
4572
4574
4490
4515
4647
4635
4625
4585
4522
4531
4606
4598
4536
4511
4581
4613
4548
4559
4545
4604
4608
4644
4526
4601
4632
4663
4591
4648
4522
4494
4512
4536
4570
4642
4632
4625
4560
4502
4596
4631
4588
4608
4595
4531
4502
4524
4516
4467
4569
4584
4499
4444
4495
4493
4482
4513
4411
4539
4567
4512
4567
4496
4542
4517
4520
4595
4629
4567
4553
4637
4573
4534
4658
4588
4617
4551
4575
4585
4516
4572
4661
4703
4678
4773
4764
4673
4653
4590
4641
4520
4535
4622
4692
4658
4649
4710
4721
4654
4662
4602
4749
4695
4762
4727
4598
4626
4692
4649
4599
4556
4565
4627
4570
4673
4549
4577
4620
4664
4544
4620
4589
4652
4586
4595
4586
4699
4599
4655
4668
4611
4651
4612
4558
4542
4571
4572
4720
4556
4483
4556
4528
4573
4541
4480
4489
4572
4638
4607
4646
4642
4527
4652
4541
4551
4689
4571
4655
4624
4645
4547
4564
4595
4585
4616
4623
4606
4575
4542
4644
4570
4562
4565
4485
4620
4555
4625
4504
4541
4537
4561
4655
4551
4591
4690
4490
4585
4521
4540
4586
4495
4533
4623
4646
4649
4640
4664
4619
4545
4601
4616
4513
4586
4638
4632
4579
4613
4580
4530
4550
4554
4620
4546
4625
4510
4590
4550
4616
4643
4656
4563
4543
4570
4565
4603
4542
4493
4545
4544
4509
4520
4547
4603
4644
4570
4669
4565
4570
4571
4530
4513
4462
4531
4630
4535
4564
4617
4581
4569
4453
4585
4558
4468
4459
4500
4456
4344
4426
4448
4435
4443
4419
4385
4398
4405
4453
4338
4423
4400
4339
4395
4371
4380
4494
4467
4410
4378
4314
4349
4311
4357
4421
4422
4419
4404
4463
4476
4456
4430
4429
4400
4475
4423
4361
4364
4390
4482
4482
4457
4381
4364
4399
4316
4398
4475
4448
4518
4474
4503
4477
4450
4472
4490
4404
4416
4429
4488
4527
4490
4456
4423
4470
4544
4510
4591
4483
4510
4521
4509
4529
4426
4463
4548
4504
4515
4452
4496
4610
4587
4691
4535
4518
4581
4531
4511
4486
4512
4525
4599
4623
4528
4436
4441
4481
4507
4479
4509
4592
4546
4662
4599
4510
4539
4619
4593
4512
4512
4497
4472
4565
4569
4632
4583
4518
4528
4573
4497
4485
4486
4606
4531
4516
4503
4558
4593
4496
4529
4665
4593
4510
4515
4636
4633
4539
4510
4430
4613
4528
4561
4489
4497
4608
4554
4566
4629
4460
4577
4546
4480
4516
4529
4559
4600
4530
4490
4382
4580
4448
4436
4470
4494
4521
4453
4549
4483
4388
4456
4493
4654
4580
4521
4480
4515
4517
4500
4651
4463
4456
4480
4455
4547
4564
4538
4548
4562
4473
4458
4534
4509
4589
4586
4595
4631
4507
4477
4485
4479
4517
4617
4549
4487
4501
4556
4575
4544
4544
4493
4485
4477
4524
4443
4531
4546
4510
4513
4610
4713
4580
4657
4546
4548
4537
4572
4597
4569
4492
4587
4521
4579
4590
4624
4595
4535
4525
4613
4587
4579
4498
4479
4560
4591
4591
4494
4444
4500
4471
4496
4472
4499
4522
4497
4594
4483
4519
4505
4493
4472
4511
4601
4578
4602
4531
4571
4557
4482
4528
4564
4558
4617
4538
4528
4488
4499
4495
4462
4488
4597
4556
4612
4483
4559
4473
4522
4540
4519
4590
4531
4484
4600
4524
4475
4515
4471
4546
4531
4658
4577
4538
4537
4512
4565
4511
4608
4628
4608
4509
4578
4562
4584
4500
4521
4553
4460
4494
4584
4574
4513
4552
4550
4497
4503
4474
4480
4557
4515
4481
4572
4492
4508
4500
4590
4612
4529
4500
4538
4566
4541
4662
4557
4498
4584
4537
4468
4536
4462
4527
4587
4535
4500
4525
4430
4409
4404
4394
4454
4401
4532
4585
4555
4477
4529
4475
4520
4541
4520
4525
4540
4491
4424
4509
4472
4480
4450
4517
4518
4499
4470
4547
4497
4464
4477
4440
4521
4507
4531
4497
4433
4457
4445
4456
4468
4587
4517
4505
4488
4369
4373
4412
4422
4482
4501
4500
4471
4373
4366
4436
4581
4495
4419
4516
4577
4543
4661
4605
4590
4528
4482
4560
4553
4501
4550
4517
4515
4515
4566
4629
4497
4644
4546
4479
4560
4576
4562
4514
4458
4510
4530
4554
4493
4465
4556
4427
4499
4558
4534
4492
4532
4401
4528
4577
4498
4516
4457
4461
4511
4539
4559
4410
4426
4475
4440
4430
4519
4525
4457
4456
4428
4478
4451
4401
4575
4541
4627
4557
4599
4548
4550
4520
4517
4527
4477
4487
4457
4433
4483
4443
4447
4345
4435
4520
4404
4485
4449
4422
4307
4336
4410
4417
4369
4417
4430
4408
4388
4404
4400
4459
4503
4387
4440
4401
4394
4379
4356
4401
4397
4424
4401
4430
4453
4555
4333
4369
4439
4420
4411
4382
4404
4385
4442
4349
4422
4464
4315
4442
4452
4447
4405
4307
4418
4380
4494
4481
4474
4473
4428
4431
4422
4400
4396
4386
4430
4490
4350
4315
4429
4461
4402
4450
4467
4405
4470
4535
4418
4479
4533
4394
4472
4394
4436
4344
4388
4368
4393
4410
4338
4396
4405
4374
4356
4356
4410
4429
4374
4387
4450
4360
4418
4407
4478
4443
4428
4387
4386
4401
4442
4445
4448
4309
4321
4315
4355
