6022
5854
6358
7174
7988
9536
11478
13208
15032
16522
18714
20316
21782
23218
24580
25858
27466
28914
30348
31272
32726
34296
35170
35756
36652
37534
38104
39460
40274
41408
41686
42176
43064
43520
44660
44906
45368
46122
47034
47448
47416
47696
48740
48970
49990
50606
50350
50256
51322
51006
51454
51204
52160
52802
53408
52906
53122
53414
53644
54390
55182
55382
55166
55442
55348
56458
56302
56100
56052
56256
56220
56788
57126
56746
57464
57816
57842
57556
58406
58116
58268
58368
58482
57962
57940
58850
58254
58050
58404
58846
58978
59574
60104
59700
58928
59878
59728
59312
59790
60452
60752
60260
60884
61312
61670
62350
61514
61688
61460
61234
61732
62312
62194
62274
62740
62956
63278
62928
63158
63056
63410
63082
63444
64020
63988
64048
64302
63822
63532
63994
64330
63750
64552
64512
63624
64826
64614
64840
64346
64446
65352
65280
64744
63984
64546
65040
64806
65066
65266
65640
66072
65854
65868
66470
66658
66996
66822
66352
66804
67064
66478
66500
66274
66406
66770
67296
67440
67458
67264
67870
68158
67036
67582
67974
67858
68404
67904
68432
68060
68422
69230
68458
68162
68238
68310
68482
67702
67702
68378
68332
68640
68676
68872
68714
68874
69214
69394
69640
69242
69764
69218
69586
69778
69414
70052
69702
69558
69340
69468
69312
69430
69986
70066
70396
69700
69822
69614
69582
69978
69990
71026
70584
70302
69830
69848
70410
70114
69712
70240
70294
70144
70384
70488
70340
70676
70626
70862
70842
70682
70564
70864
70700
71106
71076
71014
71716
71374
71036
69980
70588
70946
71124
71198
71552
71706
72304
71882
72082
71464
71782
71054
71968
71368
70908
71096
71684
71404
71376
71156
71260
70726
71052
71082
71440
71810
71488
72040
71878
72410
72328
72148
72280
72112
71720
72098
71176
71818
72030
72212
72302
71832
72014
72510
72396
72746
72488
72768
72804
73592
72810
72980
73142
73098
73052
72246
72040
72532
73044
72008
71906
72064
72198
72532
72798
73202
72982
73152
73356
74276
73872
73414
73548
73288
73128
73082
73616
73694
73170
73458
74038
73742
74530
73978
74396
74672
74482
74152
74152
73390
73648
74284
74048
73896
74116
74316
74180
73476
74156
74078
74502
74234
74202
74532
74888
74718
74412
75202
73902
73856
74384
74090
74118
74736
74504
74620
75156
74414
74176
74584
74318
74590
74636
74158
74612
74856
74670
75322
74676
74460
75612
75204
74568
74612
75284
74388
74768
74554
75004
75238
75426
76166
75762
75466
75670
74918
75530
75830
75934
75998
76774
76160
76530
76162
75900
76042
76054
76608
75952
76246
76026
76200
75982
76674
76452
76042
75854
75794
76290
76982
76606
76360
76270
76708
77138
76678
76704
76218
76690
76430
76818
76744
76646
76900
76430
76978
77354
77592
77156
77696
77382
77118
77270
77172
77632
77386
77410
77622
77236
76866
77254
77192
76018
77110
77162
77264
77440
76952
77834
77614
77478
77298
77068
76628
77382
77376
76924
76818
76554
76866
77718
77682
78150
77852
77834
77530
76916
76736
77178
77406
76938
77590
77028
77136
76952
76760
77682
77422
77450
77594
78052
78082
78044
78408
78100
77928
78204
78106
77580
77236
77898
78076
77984
78350
78604
78212
78642
78456
78658
79260
79126
79312
79114
78992
78370
77920
78658
78176
78254
78754
79472
79494
78790
78856
79422
79470
78456
78418
78814
78942
79116
79078
78290
77804
78364
78392
78506
79192
79178
79070
78918
78978
79442
78700
78190
78512
78780
78820
78936
79176
79178
79390
79398
78854
78902
79488
79264
79002
78918
78838
78590
78946
78810
78552
78658
78310
79298
79514
79894
80148
79080
79366
79490
79116
79668
79818
79446
79380
79258
79322
79144
79874
79064
79012
79370
79412
79220
79332
79778
79728
79904
79676
79978
79748
78818
78976
80440
80368
79286
79232
79822
78946
79868
79516
78672
79406
79622
79504
79730
79404
79398
79938
80124
79650
79784
79444
79314
79802
80252
80702
80912
79656
79954
80098
79648
79668
79744
79668
79602
79362
79372
79484
80164
79882
80800
80832
80768
80084
80588
80682
80482
80654
80232
80192
80678
80154
80454
79906
79646
80262
80706
79960
79876
80512
80300
80284
80252
80116
80182
80028
79814
80832
80526
80896
81100
80444
80494
80310
80984
79964
80370
80740
80102
80286
80800
80226
80308
80512
80552
80790
80180
80164
80468
80216
80182
80346
80032
80272
80416
80758
80340
80508
81208
80570
80058
80474
80788
80660
79548
80384
80266
80144
79892
79930
80342
80388
80680
80404
80950
80202
80356
80482
80744
80328
80906
81220
80758
80828
80394
80260
79536
80360
80432
80810
80152
80672
79782
80764
80804
80782
81314
81096
80502
81192
81002
80646
81372
81494
81354
81710
81138
81642
81670
81746
81486
81056
81318
81032
82124
82062
81848
81704
81590
82206
82018
81790
81484
81338
80974
81326
81906
81760
81676
81832
81586
82034
82092
81420
81744
82028
82694
81972
81688
81506
81560
81324
81210
81080
81668
82240
82118
81808
81434
81728
82108
81936
81374
81428
81652
81502
82332
82284
81458
81252
81754
81602
82022
81198
81358
81908
81640
81282
81896
81982
81802
81768
82220
82078
82206
82548
82820
82460
82038
81794
82624
82662
83194
82926
82208
82308
81982
82596
82470
82000
82344
83058
83698
83352
82582
83004
82686
82712
82148
82104
81966
82028
82718
82526
82518
82154
81998
82906
82612
82782
83030
82718
82498
82536
83284
84046
83082
83140
83124
82418
82858
82564
82364
82738
82948
82790
83330
83190
82410
82946
82744
82952
83148
82542
82786
82660
82718
82848
83724
83654
84012
83518
83442
83160
82740
83050
82198
82422
82294
82564
83324
83492
83242
82872
82948
83228
83016
83536
83830
83392
82530
82620
83150
82436
82906
82998
83018
83354
83288
83388
83688
83750
83704
83632
83840
83792
83346
83602
83898
83546
83958
84290
83826
84354
84076
83960
83228
83932
84302
84022
84706
84514
83966
84476
84374
83604
83840
84074
83392
84132
83708
84278
83780
83938
83732
83406
84100
84200
83822
83880
83902
84292
83960
83682
83644
83560
83520
83770
83698
83642
84150
83274
83774
83928
84326
85064
84642
84054
84252
84326
84690
84686
84126
84676
84616
84272
83842
83864
84606
84910
84324
84244
84220
84616
84376
85032
83676
83948
84632
84952
84572
85404
85032
85490
85910
85884
86748
85932
86070
85680
85714
86328
86088
85726
85364
84500
84864
84468
84568
84636
84864
85174
85806
85394
84762
85476
86276
85876
85244
85900
86484
86000
86288
86728
86074
85360
85946
85906
86104
84648
85060
85152
85420
85544
85508
84736
85356
85484
85216
85482
85132
85040
85244
85890
84920
85650
85516
85488
86036
86422
86446
86204
86350
86708
86354
85722
86198
85598
84754
85648
85206
86026
85806
85936
86124
85282
85594
86240
86388
85610
86028
85922
85954
85904
86144
85422
85466
85150
85558
85534
85462
85170
85258
86458
86474
86320
86324
86520
86714
87004
86570
85990
85718
86200
85392
85536
85668
86128
86094
86052
86788
85998
85802
86824
86908
86472
86652
87206
86806
86440
86576
85864
85846
85692
86008
86752
87046
86952
86638
86494
86370
86486
85952
86316
86136
86334
86146
86338
86086
86330
86612
86354
86988
87318
87338
86940
87362
87376
87702
87516
87512
87658
87622
87434
87804
87920
86830
86694
87000
86852
86984
86722
86990
86618
86754
87268
86412
86648
86338
86786
86434
86362
87010
86606
87134
86922
87098
87138
86984
87508
86290
85892
86444
86690
87554
87328
87542
87560
87076
87398
87026
87592
87688
87500
87778
87432
87188
86976
86758
87554
86590
86200
86086
86832
87468
86542
86714
86416
87304
87612
87388
87560
86578
86654
87256
87606
87688
87338
87126
87286
87342
87260
87440
86848
86968
87146
87228
87008
87068
87366
87398
87572
87366
88416
87584
86532
87372
86972
87498
87430
87450
87838
88518
88188
87568
88510
88390
88036
87736
88190
87958
87818
88052
87434
87546
87268
87516
87734
88640
87758
87776
88026
87858
87380
87694
87190
88076
87846
87546
87286
87780
87864
87686
88192
88130
88312
88732
88294
88584
88158
87764
88200
87770
87608
88032
88070
88204
88248
87784
88124
87826
87526
87722
86920
87786
87684
88194
87480
88400
88028
87204
87774
87882
88334
88394
87942
87916
88388
88194
87918
87646
87616
88492
88612
88358
88572
88540
88602
87978
88316
88824
88074
88096
88342
87534
88166
89114
89070
89030
88378
88740
88536
88910
89130
89512
88694
88670
89106
88766
88762
88334
87830
87960
88100
88448
89192
88608
89172
89236
88424
88858
88716
88808
88806
88600
88456
89100
88836
88670
88784
88944
88884
88652
89014
88166
88174
88342
87996
87510
87838
88198
87894
88700
88820
88770
89076
88962
88446
88790
88352
88994
88904
89556
88972
89174
89432
89368
88936
89092
88936
89234
89824
89972
89004
89162
89066
89314
89250
89000
88776
88952
89220
89968
89974
90244
89698
90260
90264
89446
89462
88386
88964
89642
89396
89272
89456
88888
89802
89038
89006
89246
89398
89532
89570
89686
90152
90148
90016
90022
89902
89708
89756
89480
89994
88950
89232
89114
89200
89292
89148
89498
89378
90324
90452
89532
89972
89742
89768
89112
88784
88836
89106
89118
89418
88396
89004
89296
89964
89738
89534
89336
89846
89764
89758
89630
89610
90734
90598
90368
90222
89638
90956
91314
90482
90326
90842
90928
90624
90510
90638
90710
90870
90806
90956
90736
90040
89738
90272
90816
90098
91002
90728
90854
90734
90990
91200
91000
90716
91458
91188
91232
90384
90916
90964
90158
90652
90530
90612
90464
90742
89928
90098
89932
91124
91406
91716
91776
91652
91380
90724
90994
90906
90962
91064
91286
91442
91248
91774
91966
90876
90916
90544
90600
90770
89608
90446
90118
90968
91258
90938
90272
90340
90570
90182
90784
91248
91080
90776
91516
90162
90978
91316
90692
91016
91486
91576
91578
91484
90780
91112
91200
92048
91520
91830
91112
91302
91156
91304
91406
91636
92026
91444
91258
91468
91888
91486
91580
91530
90598
90544
91000
91034
91380
90782
91216
90700
91276
91298
91362
91034
90362
90878
90986
90718
89846
90558
90766
91174
91258
91032
90772
91308
91168
91196
91872
91298
92022
91942
91518
92164
92358
92188
92376
91680
92012
91714
92028
91484
91340
91010
90776
91320
91926
91402
91910
91358
91542
90916
90814
91908
92000
91038
91558
91780
91408
91378
91514
91556
91994
91990
91464
91172
91590
91734
91724
91904
92408
92856
92494
92168
92140
91910
92008
92708
92208
92318
92126
92380
91622
92476
91716
91710
91628
91844
91518
91402
92792
92194
92218
92172
91782
92154
91964
91638
91710
91288
91472
91606
92288
91090
91716
91832
92358
91552
92026
91876
92072
92164
91694
92490
91512
91484
91386
91932
91654
91410
91468
91862
91344
91500
92140
91456
92104
92590
92658
92708
92786
92540
92018
91182
90648
91098
90600
90806
91282
90798
91082
90898
90324
90294
91364
91112
91212
91478
92084
91844
91642
92092
91282
91436
90928
90972
91668
91604
91370
91596
91038
91848
91886
92274
92294
91824
91716
91632
91934
92812
92144
92040
92068
92082
92086
92418
91592
91592
92144
91940
91760
92378
93346
92318
91648
92672
92864
92024
92044
92522
92576
92342
92558
92216
92270
92238
93076
92292
93386
93606
93964
93114
93208
93042
92538
92550
92240
92510
92150
92120
92222
92308
91828
92104
92420
92312
92328
92210
92584
92076
92108
92140
92474
92054
92424
91868
92214
92160
92200
92080
92354
92470
92572
92840
91914
92050
92278
93084
92494
92892
93154
92110
92138
92388
92282
92842
92774
92358
92764
92858
93224
93840
93476
92814
92574
93262
93232
93964
94274
93120
92976
93002
92906
92870
92402
93276
94026
93814
93502
93478
93958
93312
93326
93436
92838
92510
92982
93394
93020
93250
93248
93042
93036
93182
92428
92958
92258
92654
92950
93144
94284
94200
94154
93562
93348
93716
93538
92822
92548
93270
92762
92424
93116
92322
92396
92280
92710
93168
92616
91942
92568
92528
92526
93212
93554
93156
92954
93202
93206
93100
92960
92502
92484
92336
92196
92354
91988
92608
92836
93352
92788
93288
93194
92624
92352
92738
92614
92980
93480
92826
92640
93362
93426
93288
93062
92588
93142
93050
93106
92506
92272
93100
92786
93146
93316
93246
93888
93620
93476
93880
92572
92584
93208
92640
92806
92558
93400
93466
92888
93212
92722
93144
92900
93144
92910
92970
93540
93288
92674
93140
93274
93550
92806
92952
93132
93218
93536
93050
92566
93214
92642
93004
93388
93352
93504
93618
93382
94190
93440
92712
93502
93244
93184
93226
93132
93766
92556
92598
93184
93590
92904
93282
92824
93288
93188
93400
93020
93226
93100
93776
93740
93632
93214
93342
93722
93270
93156
93460
93204
94402
94154
93792
93106
93314
93142
93342
93316
93510
93474
92754
92970
93428
93294
93670
93846
94616
93296
93886
93886
93752
94286
94702
94264
94546
94258
93564
93460
94246
93686
93668
93696
93974
93868
94338
93568
93668
94394
94632
93328
93034
93998
94382
93284
93284
93946
94206
94028
93228
93752
93318
93496
94002
94502
93752
94230
94274
94836
94530
94468
94872
94956
94838
94406
93390
93762
94110
94612
94062
93846
93714
93832
94088
93596
94266
93922
95100
94358
94446
94686
94390
94370
93912
94318
94084
94426
94418
93990
94306
94600
95232
94506
94080
93830
93594
94000
93692
94132
93624
93732
94188
94518
94722
94614
94726
95454
94294
94906
95384
94652
94700
95094
94508
94460
95174
94550
94474
94564
96038
95500
94896
94322
93894
94232
94908
94352
94518
94102
94624
94660
95132
95304
94888
94894
94698
94968
94456
94168
95340
94694
95180
94782
94358
94778
94004
93860
93728
94348
94868
94562
94552
95004
95200
94554
95012
94850
95054
95078
94270
94288
94570
94856
94710
94858
95168
95754
94704
95460
95358
95172
94748
94906
95022
94374
94770
95344
95010
94612
94960
94690
94610
94798
95056
95022
95312
94810
95370
94970
94690
94340
94854
94762
94492
94278
94152
94812
95104
94560
94444
94812
95104
94872
94774
95154
95052
95402
94338
94906
94830
95582
95044
95854
95266
95296
94360
95520
95346
95548
96076
95860
95560
95424
95802
95228
94150
94916
94522
94488
95360
95336
95180
96188
96270
95204
95788
95360
95850
95786
95304
95544
95750
96626
95992
96222
95532
95810
95768
94746
95134
95286
95434
95520
94870
94980
95296
94412
94688
95548
95252
95066
95238
94902
95356
95448
95506
96072
95458
95558
95660
95698
96128
95700
95234
95706
95358
95712
95482
95384
95516
95360
95824
95238
94850
95238
95362
95718
95642
95592
95668
95118
95640
95394
96008
95920
96394
96322
95262
95598
95152
95612
95818
96140
95628
95850
95474
95142
95558
95736
95858
95770
95902
95422
95670
95854
96398
96392
96584
96378
96744
96984
96292
96860
95732
95560
96600
96590
96304
95790
96082
96242
96642
96330
95980
96076
96442
96442
96004
95890
95916
95748
95682
95374
95478
95526
95728
95472
95788
95316
95348
95808
95402
95968
96274
95820
95910
95716
95418
95338
95716
95008
95118
94760
95832
95372
95096
95612
96236
95470
95272
94836
95422
96190
96126
95584
95730
95578
95652
95768
96024
95878
95724
95746
95058
95842
95062
95156
94570
95278
95586
95404
95716
95296
95756
95818
96262
95948
96552
96488
96670
96734
95486
95864
96360
96244
95786
95862
96408
96472
96582
96490
96000
96470
96270
96360
96280
96982
96640
96788
96768
96434
96652
96142
96362
96502
96360
96546
96294
96310
97182
97118
96672
97172
96738
96940
96522
96646
96148
95098
95216
95826
96206
95840
95694
95906
96304
96180
96756
95820
95362
96052
95556
95990
95830
96082
96198
96372
95718
95718
95882
95576
95750
95824
95566
95794
95762
95898
95376
95474
95516
95386
96274
95892
95920
95696
95608
95408
95990
96384
96220
96702
96392
96286
96676
96686
96204
96630
96462
96830
96052
96484
96124
96366
96536
96592
96066
96802
96778
95522
95124
95896
95348
96562
95886
95638
96802
96830
96602
96684
97066
96862
97038
96866
96364
96902
96910
96238
95470
96358
96272
96676
96742
97184
96356
96812
96864
97068
96464
96456
96164
96036
96794
96382
96352
96268
96422
96706
96468
96906
96640
96552
96612
96978
96158
96352
96076
96460
96460
96428
96638
96656
95942
96156
96234
96706
95830
96230
96490
96156
96512
96844
95924
96090
95546
96026
95440
96536
96180
95558
96102
95932
96192
95694
96220
96548
97118
95912
95980
96128
95970
96038
96416
96336
96374
96522
96192
96726
96038
97330
96766
96876
97006
96460
96826
96956
97296
97524
96688
96650
96450
96090
96816
96412
97028
96976
96664
96770
97276
95694
96614
96562
96328
96982
97028
97066
96548
96732
96840
97242
96964
96444
97122
96912
97402
96690
97160
97192
97440
97168
97004
97750
97250
97154
97462
97196
97406
97114
96998
96740
96332
97026
97016
97090
97046
97638
97060
97426
97148
97542
97110
96464
96144
96990
96976
97344
96898
96876
97166
96818
96710
96546
96782
97350
97534
97154
96424
96430
96886
96638
96692
97212
96362
95852
96686
97200
97914
97108
96698
96526
96962
97154
96860
97092
96596
96388
97206
97488
97124
96826
97186
97224
97598
97260
97898
97308
97428
97492
97442
98008
98702
97936
98170
98676
97922
97204
97814
98060
98530
97736
98116
98148
98282
97814
97336
97406
97272
96944
95994
96694
96822
97306
96864
97270
97128
98222
97134
96956
97282
97620
97268
96906
97408
97294
97642
97392
97884
97716
97764
98120
97812
98074
98002
97912
97020
97038
97520
97678
96926
97670
97066
96560
97120
96794
97316
97394
97380
96910
96886
96720
97156
97292
97238
96856
96948
96810
97002
96840
96800
96728
97524
97140
97006
97286
97910
97876
97734
96680
97322
97396
97572
97494
97214
97836
97752
97700
97594
98012
97584
97700
97544
98066
98458
97692
98028
97994
98450
98482
97772
97720
97506
97790
97924
97428
97346
97500
97430
97136
97232
97464
97794
98048
98214
97726
98030
98008
97886
97714
98118
98374
98094
97994
97808
97582
97890
97128
97044
96630
96544
97294
97632
97396
97828
97574
97560
97598
97826
97800
99088
98186
98126
98072
98570
98602
97830
97776
97916
97756
97624
97604
97036
97228
97312
97378
97112
97186
97152
97140
96834
96906
97538
98020
97394
97760
97550
98048
98354
98720
98808
97870
98440
98204
98314
97810
97874
97522
97460
97172
97074
96866
97160
97822
96924
97798
97138
97060
96698
97016
97112
96962
96786
96880
97608
96952
97276
97026
97698
97018
97752
97904
97530
96750
97244
97222
96990
96976
97144
97154
97292
97614
96372
96542
96550
96808
96294
96610
97530
97304
97384
96982
96584
96780
96502
97214
97196
97610
96986
98218
97838
97620
97062
97084
97616
97378
97282
97316
97232
97340
97632
97542
97290
97514
97426
97696
97668
97472
98002
97988
98048
98292
97632
97640
97788
97350
97530
97894
98078
97324
97816
97196
97782
97520
97872
97530
98054
97650
98070
97618
97630
98106
97756
97532
97820
97668
97490
97084
97186
97006
97140
97012
96454
96448
96462
96736
97428
97564
97826
97790
97910
97528
97178
96842
97010
97112
96446
96954
97548
97228
97494
97064
96848
97372
98026
97568
97960
97808
97500
97302
96838
96664
97046
96918
97306
97930
97772
97520
97548
97478
98096
98024
97810
97606
97990
97484
97282
96828
97136
97194
97452
96676
96614
96836
97296
97314
97470
97248
97746
97730
97728
97720
97916
97488
97272
97476
97444
97882
98030
97366
98310
97530
98024
97924
97954
98862
97792
97378
98160
98548
98664
98484
98370
98292
98076
97518
98152
98428
98502
98040
98398
98412
98242
99212
98046
98072
97798
98080
97566
97072
97942
98316
97890
98180
97568
97406
98112
97692
98816
98082
98238
98304
98012
98098
97510
97234
97792
98080
98132
98218
98384
98884
98674
98350
98074
97684
97470
98400
97842
98420
98004
97958
98438
98310
97966
98188
98204
98434
97816
98470
99302
98670
98784
98882
98200
98548
98160
98342
98632
98182
98188
98128
98458
97682
98132
98324
98008
97774
98180
98622
98850
98908
98292
98290
98992
98354
97960
98074
97324
97310
97634
98104
97842
98060
97724
97412
98038
97834
98088
97996
98122
98214
98536
98074
98748
98868
97760
97728
98290
97900
97866
98698
98382
98164
98320
97834
98380
98642
97960
97496
97642
97762
97746
98180
97660
97726
98432
98604
98388
98080
98214
98940
98524
98238
98622
97866
97906
98084
98624
98598
99516
98662
98502
98920
98200
98204
98326
97450
97040
97744
97754
97662
97672
97940
97098
97826
97936
97904
98402
97560
97940
98814
98166
97930
98476
97510
97774
99048
97514
98064
97690
97884
98252
98186
98624
98754
98162
98092
98642
98464
98044
97968
98208
98080
98862
98864
98204
98792
98312
98580
99088
99118
98060
98134
97598
97752
97724
98056
98580
98994
98532
98428
98744
98816
98646
99130
98862
98074
98766
98986
98938
99286
98428
98104
98614
99178
98332
98522
98388
98338
98336
98168
97536
98132
98522
99404
98838
98644
99488
98022
98512
98374
98362
97968
97710
98864
98910
98966
98572
98086
98612
98612
98998
99034
98846
98590
98640
98450
99146
98196
99074
98284
98254
98412
98296
98606
99128
98656
98280
98686
98542
99374
99102
98538
98778
99562
99324
99234
98760
98498
99190
98696
98134
97810
97854
98640
98400
98896
98696
98840
98936
98304
98132
98224
98600
98218
98504
97692
98128
98040
97486
98724
98694
99256
98922
99216
99068
99038
98298
98762
98670
98814
98916
97728
98940
98272
98784
99496
100118
99316
98540
98666
98632
98576
99000
98874
99196
99694
99456
98970
98680
98960
98500
98664
98372
98254
98818
99350
99758
99394
98646
98402
99204
99094
98930
98938
99090
99726
99872
98890
98846
98808
98988
98592
98808
98580
98838
98714
99522
99016
98966
98820
98724
98696
98672
99246
98986
99644
99388
99100
98538
99326
99648
99134
98946
99014
98898
98792
99440
99126
99302
99242
99212
99298
99308
99450
98554
98748
98604
99252
99550
99794
99266
99032
99168
99622
99292
99324
99766
98996
98710
98844
98936
98950
99244
98836
99056
98800
99336
99284
98992
99572
99958
100212
100010
99102
99212
99264
99450
100122
99694
100470
100190
100216
99984
99222
99428
99536
98854
99210
99114
99800
99128
99258
99198
99770
99498
99302
98858
98806
98602
99222
98888
99892
99888
99928
99492
99282
99322
99446
99386
99802
99368
99854
99338
100086
99108
99140
99554
98998
98392
99346
99220
99248
99504
99146
99616
99696
98988
99200
98970
99418
98848
98726
98880
98740
98994
98630
99818
100160
99812
99058
99076
99224
99694
99128
98598
98922
99030
98918
99446
99210
98466
98738
99350
99104
99078
99458
99068
98604
98878
98750
98720
99290
98962
99204
98302
98654
98584
98764
98566
98666
99466
99580
99230
98826
98946
99214
99184
99218
99610
98898
99494
99752
99510
99362
99608
99684
100268
100030
99760
100498
100218
99882
99488
99212
98984
98884
99566
99524
99464
99362
99144
99396
99312
99484
100136
99542
98756
99874
99002
100510
100060
99952
99960
100398
100322
99932
99706
99598
100154
99842
99324
99600
98406
99556
99426
99566
99132
99486
99504
99448
99748
99696
99436
99698
99132
98626
99546
100092
100536
100476
99704
99716
99572
99928
100054
100440
99968
99976
99918
99786
99968
99780
99198
100170
99884
99734
99772
99102
99184
99916
100348
99612
99882
100290
99362
99966
100534
100292
100064
100868
99970
99492
100146
99338
100078
100654
100612
100202
100424
99722
99662
100458
99818
99374
100516
99876
99628
99994
99924
100026
99340
99300
99552
99630
99508
99326
98994
99174
99442
98754
99250
99710
99344
99360
99572
99590
99044
98796
98666
99542
98976
99654
100362
99806
100598
99946
100402
99606
99732
99120
99346
99868
100002
99774
99430
99282
99988
100286
100198
100442
99526
99226
99192
100084
100372
99888
100508
99936
100538
100272
100182
99746
100670
100216
99832
100084
99848
99838
99724
100252
101016
100052
100342
100394
100616
99684
100180
99724
99672
99442
99236
99500
100294
100054
99988
99680
99618
99596
99924
99294
100106
100386
100056
99028
99418
99136
99598
99034
100018
99538
99890
99392
99948
99642
99596
99226
100078
99702
99398
99868
99472
99988
99650
99224
100454
99798
100144
99890
99034
99714
99526
99306
99352
99650
100112
100354
100242
99892
99854
99888
99890
99756
99256
99576
99540
99960
99494
99606
100036
99888
99550
99438
99196
99722
99300
99556
99470
100126
100678
100282
100368
100702
100836
100480
99900
99278
99330
100152
100108
100652
100562
100350
99876
99862
99822
100188
99620
99480
99852
99730
99422
99816
100140
100364
100692
100672
99938
100474
100502
100062
100240
100424
100956
100918
100752
100992
100772
100464
100718
100820
100296
100142
100538
100512
100196
100302
100050
100440
100490
100366
100266
99972
99848
99488
100084
99900
100084
99852
99930
100048
99528
100216
99632
99848
99610
100014
100048
100232
100144
100838
100576
100328
100276
100776
100672
99730
100452
99816
100680
100328
100128
99152
99874
100346
100766
100118
100606
100604
99632
99374
100198
99988
100062
100024
100036
99784
100624
100362
99962
100108
100092
99718
100176
100206
100340
100428
100406
100434
100476
99750
100068
100260
100378
100676
100260
99754
99722
99368
100074
99836
99626
99560
100098
100632
100678
100612
100106
99782
100774
100622
100220
100216
100364
99922
100028
99792
100750
100534
99848
100478
100390
100302
100210
99734
100006
100406
99978
100566
99722
99954
99948
99940
100396
99388
100098
100146
99992
100372
100430
99832
99592
99906
99848
100238
100798
99946
100364
100308
100252
100088
100624
100080
99774
100024
100064
99634
100040
100266
100372
100686
100704
99656
100454
99706
100152
100510
100114
100104
100600
100210
100436
100740
100830
100526
100762
100718
100996
100868
100566
100540
100688
100406
101334
101308
101144
100608
100514
99742
100392
99960
100572
101002
100222
100382
100832
100368
100946
100494
100190
99664
100730
100254
100312
99338
99974
100300
100300
100472
100404
100054
99534
100092
100034
100202
100000
99676
99982
100616
100522
100208
100686
100766
100296
100724
100240
100314
100062
100548
100860
100356
100650
100950
100636
100494
100310
99656
99870
100240
100394
100096
100160
100288
100082
100458
101130
100542
100166
99972
99892
100126
99856
100754
100586
100826
100448
100532
100028
100082
99720
100018
99732
100330
100404
99940
99984
100276
100406
100358
100654
100294
100310
99798
100550
99886
100168
100778
100410
100654
100676
99844
100012
99812
100668
99950
99656
100246
99962
99948
100374
100920
100640
100400
100148
99468
99706
99834
100212
100242
100166
100652
100210
100476
100064
100428
100968
100576
100712
100784
100900
101026
100958
100346
100932
100586
100326
100332
99418
99612
100392
100334
100842
100760
100454
100806
100542
100068
99844
100842
101192
100550
100628
100466
100280
100492
100640
100420
100280
100552
100540
101498
100904
100716
100470
100586
99698
99736
99874
100674
100878
100176
100286
100060
99420
100062
99998
100010
100108
100788
100448
100162
100462
100288
100384
100522
99780
100000
100176
100750
100346
100184
100250
100562
99892
99816
99960
100348
100954
100796
100890
101386
101026
100776
100022
100332
99760
100566
100204
99924
100240
99682
100558
100652
99830
100452
100132
100932
101106
100754
100718
100720
101052
100182
101176
100336
100536
100358
100334
101214
100716
101112
100796
100984
101004
101578
100682
100612
100772
101162
101610
101184
101534
100820
100610
101500
100828
101342
100710
100916
101188
100962
100708
101448
100780
100960
101100
100572
100254
100582
100302
101008
100394
100698
100186
100120
101230
100608
100206
100498
100194
101440
101174
100274
100564
101144
101452
100932
100626
100874
100790
100816
100338
100206
100600
100826
101162
101572
101218
101050
100394
101090
100962
100272
100780
100850
100546
101162
101322
101026
100642
100460
100872
101122
101370
101434
101278
101444
100486
100848
101346
100680
100912
99884
100946
100612
100474
100810
100686
101382
101170
100518
100444
100662
100630
100632
100976
100610
101164
101018
101266
101348
100308
100748
100844
100854
101496
100798
101114
100710
100124
100770
100448
101200
101264
100804
100712
101248
100460
101018
100774
101048
100656
101056
101420
101678
101458
101384
101804
101580
101916
101744
102102
101638
100882
100978
101712
101066
100832
100728
101592
101200
101110
101310
100670
101524
101178
101736
101192
101430
101098
100766
101414
101622
101596
101374
102112
100742
100832
100774
101628
101022
101100
101172
101204
101270
101706
100632
101560
101212
101182
101530
101072
101050
101102
100996
100678
101212
101180
100952
101180
101394
101082
101108
101884
101504
101720
102168
101772
101602
101456
100770
101200
101324
100586
101084
100916
101070
100864
100430
100718
100702
101534
101736
101650
101884
101498
101124
101296
101152
101374
101074
101402
101226
101500
101660
101364
101224
101594
101484
100348
100924
101018
101606
100786
100204
100348
100572
99946
100584
101468
101210
100994
100438
101082
100970
101334
101566
101398
101416
101866
100884
100756
100974
100400
101012
100716
101222
100570
101104
101404
100964
100726
100890
100726
100712
100800
100930
101244
100996
101254
101152
100716
101428
101730
101904
101454
101136
101306
101656
100684
101650
101672
101928
102094
101370
101754
102076
101416
101132
102106
101664
101622
101314
101926
101056
101282
101526
101798
101328
101376
102106
102130
101586
101726
101662
101486
101058
100756
100916
100894
101748
101076
100816
101116
101304
102124
101398
101492
101176
100808
101358
100764
101078
100972
100588
100228
100774
101270
101338
101462
101610
100796
101490
101034
100628
101260
101014
101566
101654
102442
102220
101430
100910
101236
101094
101486
100510
100562
100526
100676
100778
101146
101002
101406
101144
102166
101680
101564
101452
101326
101012
101664
100992
101470
101728
102134
101358
101636
101226
100838
101048
101142
101412
102230
101710
101362
101612
101918
101780
101590
101524
101986
101950
102236
102964
101930
102006
101538
101938
101872
102046
101714
102074
101644
101788
101626
101562
101202
101204
101080
101892
102034
101718
101386
101700
101528
101674
101438
101816
102258
101904
101262
102016
101642
101990
102000
102182
102002
101482
101534
101478
101618
101752
101950
102018
102654
101562
101082
100942
101266
101340
102214
101284
100726
101752
102232
101810
101896
102210
102096
101818
100980
102404
102156
102120
101678
102672
102232
102178
102604
102056
102652
102596
102506
102478
102274
101764
101594
101748
101986
102470
101502
101666
101916
102018
102024
101992
101900
101652
101800
102860
102426
102478
102268
101548
101912
101292
101436
102068
102132
102148
101554
102072
101684
101232
101494
102396
101930
102284
102994
102308
102398
101732
102406
101822
101476
101704
102350
101560
102444
101824
101300
101926
101382
101290
101940
101766
102154
102248
102614
102350
102470
101794
101284
101110
102358
102374
101816
101342
101766
101980
102182
101988
101652
101806
102052
102372
101848
101780
101708
102176
101924
102728
102128
102030
102054
102200
102650
102680
102734
102382
102244
102702
101756
102730
102722
102958
102100
101996
101262
101730
102060
102286
102354
103062
102228
101754
101758
101570
102328
102412
102112
102072
101166
101750
102428
102614
102706
102824
102664
102820
103094
103722
102844
102308
102048
102562
102766
102716
102330
101958
101828
101822
102774
103008
102042
101976
101960
101578
101788
101998
102000
102586
102466
102086
101646
101966
102084
102546
101958
102326
102350
102606
102580
103158
102500
102166
101770
101900
102166
102360
102482
102280
102088
102204
102216
101532
102500
102652
102146
101908
101936
101976
102348
102078
102510
102346
101828
102022
101788
101996
101908
101404
101414
102560
102522
102200
102368
102534
102386
102436
101970
101930
102416
102084
102216
102486
102242
101910
102184
101684
101830
101196
102278
102256
102178
102176
102894
102442
102544
102490
102524
102280
102570
101928
102094
102906
103118
102554
102724
103162
102884
102612
102940
102996
102238
102206
101802
102694
102254
101324
101878
101748
102956
102374
102100
101918
101358
101634
102476
103366
102570
102930
103106
101980
102758
102634
102466
102202
102668
102650
102848
102800
102092
102496
102568
102368
102124
101982
102588
102634
102350
102018
102090
101782
102944
101856
101824
102398
101804
103010
102882
102924
102694
102896
103052
103086
103416
102808
102486
102948
102828
102702
103062
103094
102806
102344
102110
101214
102496
102898
102746
102796
102856
102550
102566
101638
101810
102140
102492
102504
102062
102638
102712
103166
102556
103770
103474
102762
102962
102232
102648
102234
102314
102518
102436
103218
103636
102672
102284
102134
103250
102716
102116
101410
101496
102596
102594
102290
102454
102416
102960
102970
101760
102674
102438
102740
102306
102548
102686
102694
102632
103112
103188
102788
102664
102802
102862
102604
103230
102624
101814
101716
102666
102648
102950
103134
103522
102156
102544
102902
103104
103144
102668
102782
102766
103290
103622
103546
103454
103366
102792
102872
103026
103444
103522
103010
102880
103386
102822
102360
103274
103572
103494
103114
103246
102958
103256
102906
102986
102750
102870
103082
103124
102876
103324
103722
103152
102346
102956
103476
103434
102740
103050
102910
102576
102164
102422
102302
102378
102266
102048
101802
102036
102134
102634
102596
102350
102564
102890
103094
103356
102992
104232
103552
102674
102530
102264
102246
102554
102740
103344
102636
101882
102290
102618
103164
102838
102476
102688
102692
102088
103050
102972
103042
103806
103754
102540
103002
102890
103624
103272
102856
101760
102524
103536
103244
103390
103518
102490
103818
102802
102820
102886
103214
103586
102892
103044
104168
103010
103246
103334
102906
103348
103612
103044
103346
103596
103098
103164
103546
103638
103442
103856
103694
103388
102922
103358
103430
103254
103418
103728
104008
102698
103306
103134
103180
103084
102758
103412
102750
102506
103012
103546
103440
103902
103512
103230
103296
103446
103020
103354
102904
102808
102942
103148
103178
103384
103142
103366
103590
103372
103378
103182
102678
103190
103732
103042
103612
103124
103076
102922
103338
103422
102906
102502
102654
103696
102998
103242
103348
104036
102894
102490
102264
102454
102826
103408
103144
102926
103582
103760
103064
103134
103876
103998
103782
104228
103810
103056
103200
103532
102786
102856
103308
103408
102932
103506
103178
103962
103760
103620
102798
103528
103214
102912
103598
103440
103168
103244
102614
102160
102674
103922
104298
102974
103186
102856
103274
102910
103408
103362
103458
103628
104258
104544
103232
103620
103954
104110
104094
104032
104506
103464
103254
103262
102728
102788
102896
102792
103018
103016
102710
102628
103270
103176
103150
102834
102580
103060
103272
102808
103212
102874
103284
103402
102420
103238
103922
103412
104118
103512
103478
103330
102522
102812
103396
103904
103738
103418
103118
103464
103434
103436
103708
103640
104104
103408
102892
103202
103204
103346
103138
103816
103412
103472
103618
103484
103940
103758
104342
104864
103928
103840
103670
103156
103186
102876
103816
103422
103270
103450
103396
103424
103642
103330
102684
103252
103570
103288
103334
103342
103128
103238
102790
103416
103086
102816
102590
103378
103296
103806
103264
102950
103180
104190
104164
104362
103772
104396
104766
103676
103662
103702
104194
103860
104798
104268
104350
104078
104074
103834
103774
103374
103200
104130
104686
103912
103484
103884
103600
103278
103350
103676
103556
103330
103292
103518
103014
103248
103578
103610
103390
103600
103850
102994
102524
102996
102910
103140
103394
103774
103658
104222
103566
103612
103852
103722
104476
104084
103276
103172
103436
103084
103896
103822
103678
104206
104246
103502
103598
103452
104306
103546
104074
104078
103054
103622
103896
103890
103944
103474
103400
104002
104392
103208
103494
103254
103598
103466
103166
103946
103886
104010
103002
103650
102898
102978
102778
102970
103666
103554
104194
103702
103786
103620
104228
103804
103708
103670
104380
104232
104766
104252
104612
104300
103948
104566
104206
103782
103180
103516
103446
102884
103410
103408
103402
103794
104422
104474
104010
104036
104302
103698
103692
103526
103936
103812
103678
104326
104188
103380
103646
104120
103032
103850
103648
103736
103400
103162
103282
103012
103612
103628
103532
103502
103788
102968
103390
104222
104026
104442
104316
104310
103650
104146
104380
104178
104516
104596
103862
104144
105180
104600
104176
104450
104596
104106
104500
104702
104552
104798
104354
104372
104384
104272
104432
103546
103760
104014
103260
103842
104146
103922
104564
104338
104812
103610
104046
104050
104360
104454
103562
103728
103996
103710
103796
103804
103654
102928
103572
103162
103670
103944
103658
102712
103148
103850
104028
103898
104644
105076
105116
104714
104034
104008
104414
104798
104294
104092
104190
103546
104056
104702
104226
104030
104228
104266
104754
104490
104546
104410
104766
104760
105190
104466
104816
104024
103998
103614
104234
104120
104394
103890
103764
102706
103664
103432
103870
104276
103718
103928
103788
103676
103686
103434
104040
103322
103286
104558
104014
103876
103952
103674
103718
103866
104024
103914
104240
104204
104072
104646
104122
103716
103876
103808
104030
103986
104064
104204
104670
104912
105182
104336
104224
103972
104260
103700
104278
103766
104498
103918
104326
104426
104010
103770
103362
104024
104884
104618
104714
104666
104636
104760
104526
104890
104528
104470
104740
105066
104668
105396
105114
104726
104272
103408
103310
104400
104064
104142
104538
104426
104648
104304
104758
104842
105346
105744
105034
104812
105472
104998
105072
104866
105144
105006
105386
104900
104742
104480
103926
104216
104386
104028
104808
104974
105576
105134
105460
105258
105042
105082
104874
104176
104682
104586
103604
105392
104862
104672
105430
104938
105150
104858
104938
104802
104464
105434
105206
104918
103904
104776
104542
104658
104926
104350
104108
104574
104390
104846
104462
104566
104912
104608
104138
103918
104168
104066
103858
103996
104142
104460
104802
104742
105564
105388
104720
104226
104126
104390
104496
104744
105212
104776
104694
104662
104418
104896
104254
104264
104402
104552
104298
105118
105298
104896
104494
104486
104260
104478
104602
104694
104260
104080
104224
104706
103702
104456
104666
104612
104500
104416
104016
104412
104628
104696
105032
104046
104684
104858
104680
104538
103896
103532
103838
104800
104556
104554
104682
104126
104382
104548
104452
104976
104244
105140
103958
104268
104640
105224
105056
104316
104604
103858
104116
104442
104344
103974
104726
104866
104500
104290
103860
103418
103744
104090
103796
103986
103798
104206
105162
104318
104624
105060
104688
104674
104590
104392
105062
104364
105404
104916
104836
105102
105470
105312
105256
105528
105550
105312
105546
105132
105298
104024
105014
105254
104766
105358
104314
104912
104938
104712
105316
104654
104858
104368
104224
104504
104614
104850
104624
104200
104136
104862
104590
104082
104814
104422
103882
103662
104280
104402
104174
104138
104374
104294
104646
103792
104506
103942
104370
103670
103600
103244
103278
103564
104314
103968
103506
103612
103392
104064
104112
104884
104492
104504
103954
104288
103704
104066
103510
103630
104094
104142
104640
104556
104306
103622
103648
104542
103830
103918
104244
104574
103690
103846
104310
104488
104836
104298
104694
105090
104494
104480
103948
104504
104588
104256
103980
103782
104158
103722
103772
103582
103236
103924
103916
103388
104444
104590
104526
104492
103638
104662
104102
104172
104564
104724
105100
104466
104616
104370
104792
104178
104032
103586
103616
104280
104636
103992
103474
103912
103760
103738
104400
103714
103886
103976
104356
103958
103432
103724
103512
104284
104400
104588
104808
104738
104312
104240
104332
104382
105064
104436
104300
104692
104830
104200
103834
104844
104610
104580
105046
105190
105102
105534
105162
105872
105156
104734
104808
105402
106004
105140
104924
104832
104660
105124
104732
104496
104802
105432
105614
104654
104556
104598
104708
105326
104356
104584
105000
105648
105010
104524
104552
103658
104754
103910
104404
104712
104594
104180
104546
104998
105102
104972
104746
105008
105380
104450
104890
105042
105328
105184
105268
105232
105384
105510
104836
105296
104194
105022
104448
104508
104728
104658
105368
105042
105080
105076
104696
105498
104946
105016
104856
104538
104542
104518
104706
104894
104278
104288
103780
104322
104362
104390
105148
103876
104288
105156
104444
104946
105412
104566
104852
105026
105706
105054
105194
106034
105886
105378
105260
104770
104382
105050
105104
104684
104962
105500
105634
104784
104914
105282
105206
105124
104340
104868
104948
104468
104460
105054
104358
105260
104922
104966
104356
104354
104578
104964
105122
104600
104946
105538
104758
105390
105892
105182
104812
105476
105534
104728
104598
105198
104582
104968
105394
105286
105002
104980
105418
105228
105926
104722
105478
105662
104784
105270
105224
105156
104988
104804
105014
104288
105324
104824
104844
105004
104508
105356
105298
104894
105114
105200
104992
104944
105042
104782
104332
104060
105000
104504
104618
104764
104754
105222
105580
105934
105516
105812
105870
105982
106098
105778
105308
105894
105138
104668
104462
105300
105466
105384
104758
105172
105776
105536
105120
105256
104698
105318
104890
105146
105434
105446
105300
105288
104696
105396
104116
104404
104724
105048
105124
105354
105486
105764
105006
104956
105148
104766
104992
105286
104346
104714
105154
104166
105368
104798
105140
105764
105082
105152
105016
104740
105468
104790
104740
104684
104630
104456
105020
105848
105462
105368
105832
105886
105144
105420
105708
105518
105774
105488
105874
104496
105150
105482
105730
105380
105562
105448
105776
105854
106424
104996
104868
105130
104964
104968
104734
104814
104666
104856
104410
105246
105772
105176
105660
105418
104970
104762
105220
105138
106274
106064
105210
105220
105832
105296
104598
105432
105920
104658
105796
105194
105394
105380
105414
105280
105232
106592
105808
105286
105524
104608
105022
105318
104754
105142
105008
104766
104524
104760
104582
104676
105016
105410
105224
105256
105708
105086
105682
105612
105148
105304
105204
104642
104982
105386
105530
105466
105042
105508
105016
104486
105442
105010
105408
105614
105068
104890
104746
104988
104612
105196
105616
104922
105226
105264
105816
105314
104894
104710
104708
104480
104936
104710
104230
104582
104572
104328
104648
104642
105006
105338
104904
104538
104988
104774
105258
104836
105240
105502
105090
105136
105176
105104
105414
105200
105602
105434
106002
105962
105352
106102
106276
105666
105716
105944
105944
105108
105892
105322
105612
105174
104840
105364
105148
104924
105692
105740
105508
105398
105162
105292
105788
105684
105856
106098
106078
105802
105650
105388
105542
105910
104980
106100
106374
105260
105810
105582
105432
105518
104900
105512
105282
105886
105998
106554
105516
105720
105750
105096
105164
105288
106076
105098
105040
104730
104768
105444
105904
105610
105632
105144
105004
105434
105512
105796
105132
104996
105124
105634
106022
105820
105072
105122
104864
104310
104702
104820
104422
104716
104838
105900
105256
104884
104590
104436
104946
104808
104812
104326
104378
104104
104350
104008
103582
103952
104530
104666
105054
104492
104692
104764
104588
104636
104502
104326
104532
104920
104568
104732
105256
105028
105420
105112
104564
104808
104894
105040
105420
105390
105270
105410
104690
105264
105278
104566
104992
104940
104462
104420
104936
104968
104200
105070
103908
103994
104322
104388
104552
104390
104772
104738
104216
104344
104528
104116
104846
104520
103490
104086
105010
104166
104744
104974
104930
104740
104910
105560
105392
105378
105518
105530
104986
105254
105226
106004
105580
105826
105690
105498
105028
104410
104988
104954
105286
105728
105166
105200
105660
105248
105672
106512
105178
105202
105394
105304
105038
105462
105350
105386
105016
104896
104632
105000
104866
104922
104426
103944
104172
105052
105046
105058
104866
105434
104806
104688
104386
105208
105966
105216
104628
104984
103944
104716
105124
105474
105008
105242
105282
105070
105210
104976
105110
105158
105118
105028
105326
105206
104920
104380
104828
104558
104652
105170
104592
104924
104536
104304
104802
104866
104294
104790
104848
104944
104510
104660
105012
104672
105006
104700
104798
104834
105208
105294
105438
105230
104944
104986
105006
105066
105198
104702
105244
104918
105198
104590
104632
104478
104366
105426
105396
104572
105014
105492
105142
104590
104946
105320
105234
104754
104882
105166
105308
104598
105030
105138
104530
104840
105054
105534
105010
104414
104622
105204
105454
105060
105066
105730
104950
104820
105416
105100
104426
104778
105174
104776
104624
104984
105212
105462
104928
105224
105104
105462
104968
105284
105802
105574
105574
105074
104520
104706
104700
104362
105120
105308
105404
106584
105824
105444
105894
105374
105214
104868
105194
105298
104988
104762
104250
104950
104896
104884
104496
104542
104166
104460
104942
104530
104768
104772
103916
104170
104492
104270
104204
103654
103728
104072
104076
103748
103668
103954
104378
104288
104566
104296
104764
103708
103920
103774
104258
104424
104668
104636
104608
104468
104630
105132
104310
104412
104732
105248
104640
104962
105040
105126
104238
103968
104354
103714
104982
104752
105026
105160
104800
104642
104616
104486
104734
103620
103450
104154
104202
104524
105052
105128
105058
104818
104102
104158
104934
104388
104542
104574
104526
104070
103462
103970
104090
103786
103910
104092
103928
103982
103988
103984
105212
104608
103892
104386
104776
104212
104538
105140
104116
104352
104130
103632
104780
104194
104234
104122
104176
104752
104768
105224
105432
104886
104652
104384
104124
104154
104654
104650
104670
104466
103908
104098
104482
105120
104906
104930
105266
104956
104468
104960
104914
104580
104700
104438
104912
104262
104708
104986
105290
104894
104742
105200
105458
105870
105670
105694
105638
105732
105214
105928
105898
105726
104734
105578
105824
105996
105226
105482
104712
104996
104952
104894
105666
105098
105826
105326
105132
105852
105462
104806
105010
105142
104470
104772
105578
105052
104990
104734
105380
104804
104636
104508
104330
105062
104642
104930
105036
105338
105206
104988
105256
104882
104796
105002
104358
104686
104636
104830
104590
105632
105064
105210
105300
105296
105138
105496
103744
104380
104772
104408
104908
104426
104226
104964
105394
105256
105346
104578
104642
104528
104646
105016
104710
104702
104468
105062
104866
105244
104960
104664
105184
105542
104854
104562
105438
104740
105114
104806
104796
104742
105170
104902
105296
104858
104878
105438
105016
104856
105466
104662
105850
104916
104478
104468
104616
104708
104604
104282
104912
104746
105666
105478
105016
104884
104598
105632
105314
105292
105372
105650
105176
104100
104392
105270
105330
105688
105538
105592
105484
105022
104544
104916
104580
105006
104764
105000
104586
104740
104596
104526
104696
104626
104878
104650
104802
104864
104882
104644
105074
104892
105292
105638
104648
104086
104438
104712
104022
104562
104930
105040
105036
105710
104788
105804
105140
105610
105598
105662
104746
105798
105802
105484
104876
105262
105834
105266
105340
104686
105254
105578
105960
105228
105224
105034
105138
104898
105126
105878
105556
105850
105726
105656
104876
105100
105266
105592
106020
106124
105436
105444
105680
104988
104966
104656
105734
105396
105418
105732
105856
105248
105360
104890
105260
105320
105430
105372
104774
104738
105032
105006
104896
105054
104748
105502
105206
105368
105166
105058
104906
104816
105320
104668
105388
104784
105066
105416
104912
105130
104900
105366
105510
105080
104778
104470
105090
104534
105292
105578
105078
105136
105640
105222
105298
105102
105374
104742
105372
105170
105572
104964
105580
105034
104750
105378
105240
105178
106032
105374
105340
105022
104828
104860
105572
105678
105784
105588
105864
106022
105256
105064
105344
105002
105168
105262
105152
105522
105414
105390
105232
105194
105152
105110
104752
105538
105816
105746
105998
105412
105576
105352
104966
104506
104268
104370
104840
105062
104696
105004
105104
104022
103856
104846
104828
105490
104644
104368
104662
104908
105896
105382
104946
104758
105072
105138
105148
104678
104404
104310
104444
104048
104400
104976
104936
104892
104474
104710
104540
104202
104320
105092
104662
104474
104868
104462
105026
105032
105020
105496
104430
105280
105942
105674
105556
105214
104996
105150
104308
104802
104592
104404
104782
104538
104710
105008
105262
104908
105274
104670
105330
104704
103898
104226
104474
105588
104438
105282
104976
104682
104964
104958
105276
104804
104948
104912
104768
105276
105066
104516
105588
105022
104702
104476
104792
104858
104488
104808
104706
104796
104736
104836
105060
105452
106138
105332
104594
105248
105606
105668
104960
104330
104360
104446
104894
105164
104876
105474
105744
104716
104986
104870
104618
104320
103850
104704
104510
105110
105042
105252
105630
105388
104698
105094
104746
103910
104580
104352
103980
103852
104652
104846
105112
104746
105196
104354
104822
104524
104866
104482
104614
105076
105366
105230
105092
105288
105106
104698
104900
104920
104802
105220
105208
105408
105994
105328
105682
104784
105232
104788
104754
104562
105234
104712
104634
104976
105242
105362
104790
105552
105272
105048
104584
105232
105350
105588
105558
105498
105270
105862
105212
106020
106108
105430
105250
105934
105688
105270
105290
105234
105502
104498
105464
106462
105664
105110
105366
105346
105660
105618
106308
105814
105928
106306
105574
104888
105790
105962
105680
105850
105948
105562
105928
105102
105454
105144
104950
105158
105250
105198
105208
106034
105704
106356
106616
106560
106794
106328
106246
106838
106194
106488
106526
105724
105478
105046
105610
105820
106024
105802
106118
105590
105730
105460
106118
104872
105240
106388
105974
105376
105516
105080
105522
105874
105168
105616
105380
105574
105390
105902
106386
105404
105712
105746
105978
105704
105998
106108
105864
105964
105542
105788
105772
105936
106318
106198
106328
105470
105612
105714
105954
106246
106012
106250
105768
106046
104512
105004
105298
105594
105812
105716
105786
106476
106296
106024
106530
106188
105828
105962
106154
106940
106558
106336
105996
106416
106512
105966
106648
106092
105462
105416
106372
105464
105042
105352
105660
105298
105330
105366
105452
105546
106706
106576
106402
106312
105842
105728
105746
105930
105372
105948
105660
106704
106398
106616
106986
105414
105338
105510
104910
105750
105740
105248
105642
105542
105446
105364
105570
105334
105358
106418
106444
106304
106412
106618
106166
106594
106018
105630
104804
104910
105564
105448
104888
104822
105132
105330
104962
104904
104718
105026
105108
105188
105468
105978
105778
105246
105888
105040
104800
105172
105308
105672
105132
104964
105184
105492
104966
104804
105330
106216
105796
105474
105806
105048
105140
105468
105818
105338
106294
105736
105448
105362
105558
105074
106494
105402
105752
105144
105716
105934
105792
106286
105846
105664
105476
105242
105612
105490
105010
105174
104972
104956
105788
105656
105828
106256
105870
106344
106192
106112
105776
105482
105714
105586
105692
106858
106068
106066
105554
105124
105106
104838
105066
104390
105630
104994
104858
105322
105734
105422
106286
106664
106078
105868
105700
105488
105752
105340
106376
105200
105572
105488
104628
104974
105228
105336
105816
105294
105500
105534
105804
105710
106122
105984
105866
106286
105762
106018
105822
105334
105522
105512
104782
104970
105404
105258
105898
106040
105922
105890
105942
105846
105194
105556
105442
105570
105414
105966
106438
105590
106030
106550
106628
106154
106316
105884
105782
105290
104868
105090
105518
105990
105570
105464
104826
104758
104758
104810
105518
105704
105444
105530
105118
105654
105822
105352
105526
105226
105248
105352
105350
105384
105678
105576
105514
105342
105582
105622
105754
105494
105640
105184
104568
105370
105502
105394
105496
106070
105926
105904
105338
105076
105716
105680
105092
105484
105636
105170
105256
105352
105238
105548
105228
105096
105454
105628
105628
105428
105582
105504
105274
105356
105528
105302
105256
105820
106324
106368
106314
105660
105812
106358
106184
106220
106034
105860
105512
105658
105242
105626
106760
105824
105082
105238
105470
105706
106508
105770
105966
106310
106104
106164
106236
106398
105878
105656
106082
105866
106220
105986
105092
105510
105762
106302
106192
106722
106354
106288
106102
105912
106260
105998
105584
105832
106288
105466
106166
105912
106092
106128
106252
106948
106812
106352
105974
106458
105734
106274
105898
106220
105836
105900
105752
105152
104876
105262
105156
106308
106406
106218
105886
105588
106528
105600
105270
106366
106636
106476
106374
106622
106830
106444
106374
106582
106728
106292
105522
106312
105792
105414
105732
105904
105728
105562
105074
105520
105390
105734
105730
105722
105630
105884
106034
105876
105244
105414
105516
105742
106054
105762
106156
104968
105630
106050
106754
106568
105680
105930
106806
107192
106106
105406
106078
106338
106542
106136
106344
106366
106410
106268
106928
106158
105866
105806
105880
106106
106030
105734
106322
105946
106146
105908
106500
106224
106006
106254
106626
106410
106466
105782
105484
105668
105660
105776
105826
105488
105566
105658
105322
105376
105744
105454
105988
105970
105994
106082
106132
106878
106174
106016
105358
105316
104424
105358
105476
106108
106210
106106
106066
105202
105190
106252
105798
105964
105804
105582
105968
106588
106324
106644
106344
105324
105658
105422
106420
105630
105082
105610
105106
106050
106222
104740
105526
105468
105036
105398
105466
105396
105756
105790
105800
105400
105648
106032
105444
105440
105480
104984
105390
105488
105368
105342
106302
105384
105492
105598
106064
106752
105956
106310
105696
105764
105006
105342
105668
105966
105538
105828
105576
106274
105934
105514
105980
105960
106242
105880
106680
106236
106118
107278
106624
106514
106432
106114
106060
106266
106190
105826
105664
105774
105498
105734
105816
106172
106448
106466
106250
106152
106226
106164
105652
105564
105626
106370
106296
106314
105992
105836
105362
106038
106232
106724
106482
106956
106554
107112
107640
106666
107204
106246
107192
106936
107236
106552
106278
106754
106832
106558
106640
106476
106232
106514
105536
106236
106360
106590
106490
106206
106640
106710
106882
106084
106142
106386
107032
107066
107120
106556
106478
106976
106630
107090
106510
107132
106920
107048
106662
106662
107312
106212
106870
106740
106582
106606
106692
106558
106776
107230
106076
106018
107032
106506
106672
106792
106794
106748
106640
106330
106100
106668
106824
106666
106570
106540
106652
107250
106548
106470
106680
105642
105540
105784
105842
105788
106352
105926
105680
105408
106058
106886
106438
106258
106060
107350
106004
106236
105668
105674
105676
106380
106104
105600
105978
106336
106228
106180
106432
105462
105358
105138
105624
106402
106472
106498
106660
106178
105988
106056
106272
106370
106802
106656
106872
106434
106430
106194
106180
106820
106122
105710
105612
105850
106402
106602
105772
105932
106226
105798
105982
106486
107204
106766
106604
106402
106260
106200
106026
106022
106070
106464
106636
106250
105794
106166
105516
105780
105822
105676
106504
105690
106896
106948
106634
106932
106200
106304
106660
106616
106112
106148
106178
106128
106406
106338
106394
106798
105962
105760
105814
105868
106340
106190
106114
106294
107180
106884
107130
106530
106926
106284
107186
106146
105936
106910
106468
106678
105864
106204
106462
106730
106894
106906
106608
106884
105886
105692
105970
105756
105808
105668
105598
105980
105636
106150
106276
105660
105550
106722
105970
106576
106368
106650
106760
106876
106606
106768
106196
105978
105878
106328
106084
105626
106014
105650
105576
105614
105736
105534
104780
104978
105018
105482
105616
105096
105170
106066
106416
106006
105986
106718
106504
106440
105996
105284
106056
106036
106020
105578
106256
106304
105616
106490
106424
106404
106746
106542
106182
106356
106346
106464
106656
106368
105940
105816
105638
105470
105374
106140
105778
105944
105994
106520
105728
106698
106058
105810
106388
106122
106058
105772
105170
105506
105400
105318
105580
105978
105278
105366
106332
105912
106530
106860
106184
106302
106570
106694
107222
106510
106618
106806
106414
106076
106198
106668
106514
106478
106982
106674
106730
106420
106140
106364
106024
106622
106940
106586
107324
106356
105406
106088
106526
106670
107208
106864
106912
106880
105960
106020
106444
106308
106900
106434
106726
106378
106698
107372
107372
106980
106956
107074
107162
106686
105916
106174
106396
106682
105812
106352
106444
106140
105766
106212
106218
105676
105634
105766
106176
106882
106298
105808
105940
105436
105974
105752
105998
106984
106808
106326
106324
105410
105564
106608
106038
106660
107340
106254
106078
106406
105942
105632
106078
106180
105728
106076
106014
106322
106364
106102
107012
107362
106968
106434
106376
106420
106620
106258
106350
107380
107108
107108
107074
106378
106932
107496
106080
106232
106464
106330
106718
106240
106370
105532
105394
106112
106490
105984
105990
106742
107008
106532
106238
106500
106734
106540
106142
106568
106016
106280
106508
106408
105864
106164
106194
105914
105858
106216
106296
106044
106774
106632
106814
105906
105808
105780
106504
106350
106520
106306
106214
106102
106756
106050
106342
105898
106530
105920
106294
106660
106696
106930
106874
106492
106432
105756
106544
106318
105808
106002
106894
105906
106258
106074
106498
106352
106366
106220
105946
106458
106584
106916
105800
106002
106636
106300
106102
106066
106354
106488
106346
105576
106006
105512
106278
106690
105982
106148
106264
106218
105606
105728
105308
105570
105192
104844
105154
106612
106456
105998
106074
106368
106102
105574
106086
106538
106218
106250
106166
107100
106698
106546
106092
105624
105890
105808
105870
105968
106212
106194
106030
105976
106438
106102
106492
105634
106046
106850
106834
106360
106274
106814
107170
106744
106948
107370
107198
106712
107012
106456
106848
106886
107432
106986
106644
106634
106042
106372
106772
106638
106502
106646
106728
107186
107232
106792
107468
107040
106834
106278
105514
105550
105276
105688
105744
106984
106506
106516
106760
106486
106876
106000
105740
105318
105826
104890
105802
106444
106222
105614
105052
105430
105752
105680
106034
105622
106096
106254
105690
106206
106514
106662
106922
106966
107364
106112
106106
106582
106882
105882
106026
105042
105436
106304
106420
105598
106330
105600
105364
105394
105894
105838
105862
106156
106268
106328
106676
106244
106214
105746
105858
105968
105798
106214
106722
106466
106366
106238
106686
106066
105702
106088
105816
105988
105974
105842
106440
106094
105908
105984
106794
106006
105428
106326
106052
105608
106410
106040
106192
106026
106152
105724
105896
106268
105242
105792
105742
105710
105602
105732
105358
105614
105828
105186
105284
106402
105758
105852
106080
106152
106142
106330
106438
106028
106626
106408
106718
106306
106230
106434
106474
105810
105966
106306
106960
106288
106868
106218
106046
106450
106238
105736
106458
106046
106252
106136
106348
106588
106550
105808
105830
106432
106486
106484
106904
106428
106378
107324
107572
107630
107274
107078
107194
106544
106816
106562
107048
106998
106360
106388
106414
106398
106578
107022
106894
106748
106876
107132
106236
106654
106870
107366
107020
107300
107030
107220
107184
107348
106966
106704
106644
106410
106784
106654
107022
107074
106950
107320
106830
106896
107420
106626
106054
105804
105410
105924
106694
107078
106538
106622
106248
106110
106502
106272
106024
106482
106424
106862
106526
106528
107186
107526
106958
107012
107176
106780
106768
106310
106360
106204
105882
106084
106428
106170
106466
106298
106490
106196
106154
106800
105796
105490
105594
106232
106662
106604
106014
105786
106364
106848
106452
106226
106126
106200
106394
106538
106560
106606
106642
106250
106264
105844
105704
105394
105946
106814
106368
106446
105988
106176
105928
106788
106782
106498
106492
106740
105894
106506
106106
106522
106544
107178
107114
106924
106080
107114
107094
106476
106418
105948
105938
106330
106562
106646
106440
106430
107282
107390
106588
106748
107342
106802
106764
106722
107082
107666
106886
106918
106610
107670
107356
106480
106782
105900
106276
106548
106228
106650
106854
106914
107322
107026
107006
106520
106840
106316
106642
106542
106446
106634
106878
106034
106530
106328
106286
106498
107054
106460
106674
106468
106100
106462
106408
105652
105790
105948
106080
106698
105888
105800
106220
106016
106066
105222
105668
105874
105396
105598
105706
106034
105724
106134
106240
106122
105972
106216
106498
106686
106436
106446
106480
106622
106520
106164
106494
106718
106678
106238
106180
105792
105810
106206
107256
107284
106592
106998
106396
106878
106202
106286
106610
106058
106416
106552
106762
106682
106516
105706
106392
106198
105966
106480
106198
105866
106272
106518
105898
106136
106358
105760
105978
106286
106722
106392
106488
106120
106188
105826
105452
105652
106844
106538
105744
106972
107022
106870
107078
105798
106538
106408
106262
106638
107064
106604
107042
106404
106776
106844
106674
106498
106138
106312
106176
106098
106192
105948
104924
105746
105612
105980
105728
105984
106566
106544
106136
105960
106488
105978
106744
105796
105818
105918
105686
105634
105488
106058
105766
105788
105712
106280
106022
106352
105938
105406
106550
105638
106006
106006
105866
105476
105708
106280
106492
105860
106562
106388
106476
106412
106668
107110
106786
106670
107322
106562
106440
106402
106632
106922
106880
107178
107390
106336
106464
105940
105818
106240
106628
106598
106714
106138
105960
106112
106286
105936
106134
105994
105734
105438
106458
105824
105848
105546
105998
106548
106492
106350
106938
106962
107408
107080
106848
106462
106704
107158
107536
107202
106968
106946
106286
106762
106538
106084
105842
105346
106862
106624
106576
106290
106736
106074
106008
106824
106500
106652
106592
106438
106268
106334
106214
106142
105780
105564
106450
106520
106574
105854
106430
106048
106152
106724
106492
106306
106478
106412
105530
105400
106016
105102
105970
106182
106296
106798
106626
106420
105918
105966
105704
105284
105854
106058
106604
105900
105220
105810
105376
105330
106282
105810
105942
106074
105548
104980
105984
105148
104952
105278
104700
104702
105090
104876
105150
104858
105610
105738
105846
105206
105432
105764
106014
107092
106470
105796
106046
106366
106210
106534
106184
106562
106618
106814
106658
106070
106190
106098
105936
106128
105706
105842
105760
105686
105870
106526
105974
105964
105712
105560
105490
105446
105398
105910
106172
105770
105836
105832
106426
106446
106618
106702
106046
105926
105612
105944
105682
105498
105726
105992
105806
105696
106464
105976
105620
104986
105210
105702
105902
106078
106316
105914
105576
106136
105988
106590
107096
106508
106318
106116
106182
106274
106638
107040
106620
106236
106052
105324
105374
105580
105576
106022
105554
105382
105304
105750
106088
105626
106540
106152
105268
105112
104462
105350
105774
105200
105220
106540
105784
105612
106062
105554
105276
105290
105210
105722
105662
105948
105642
105834
105804
106172
106110
105956
105242
105588
105814
105866
106446
106108
105814
105670
105230
105670
105230
105178
105310
105820
105090
105638
106046
106232
105506
106460
105916
105728
105652
106148
105502
105390
105738
105078
105078
105382
105818
106086
105496
106080
106050
106530
106108
106134
105602
105174
105170
105898
106162
106666
106164
106996
106994
106674
106352
106166
106744
107184
106758
106494
106482
106194
106618
106202
106404
106518
106900
107104
106178
106482
106770
106280
106044
105938
105908
105602
105650
105956
106062
105972
106458
106680
106666
107248
107378
107486
107286
106992
106816
107300
107510
107264
106854
106584
106574
106372
106074
105732
106332
106808
106654
106198
106174
106866
106606
106770
106420
105956
105932
106382
105682
106142
105684
106312
106238
106808
106808
106648
106028
106492
107098
106230
106216
106032
106558
105402
105994
105416
105810
105824
105864
105658
105620
106558
106216
106392
106700
106472
106748
105808
105732
105624
105566
105414
105632
104922
105578
105286
106286
106452
106362
106476
105832
105742
105884
106404
106690
106618
106238
106094
104982
106226
105974
105782
105946
106302
106072
105898
105484
106126
106360
106488
105846
105726
106384
106542
105916
105936
105878
105738
105300
105594
105998
106598
105998
106130
106564
106384
107100
106582
106646
106396
105874
106614
106176
105764
105790
106538
106824
106800
106616
106838
105884
105954
106530
106082
107094
106528
107008
106144
106102
106246
106788
106908
106646
106792
106736
106766
106904
107098
106826
106994
107096
106632
107008
106174
107006
107130
107138
106660
106354
106454
106750
107302
107716
106476
106492
105646
106408
106138
106112
106356
106864
106488
106216
106704
106352
106356
106148
106676
106816
105810
106528
106610
107150
106476
106762
106666
106710
107436
106762
106924
106612
106606
106754
106808
106092
105910
105794
106106
106138
107318
106732
106412
106656
107160
105996
106254
106578
106760
106768
106336
106374
107198
106716
106946
106484
106770
107080
106636
106828
106062
106740
106754
106408
105880
106488
106658
106892
107206
106792
106824
106940
106504
106572
106466
106564
105938
106184
105526
106388
106442
106428
105728
106170
106214
106364
106672
106262
105612
105952
106142
105980
105892
105594
105646
105856
106266
105540
106004
105882
106296
105974
105806
105838
105574
105688
105872
105800
106020
106036
106382
106480
105968
106612
105854
105836
105962
105458
106324
105854
106682
106868
107070
106830
105634
105978
106554
105930
106098
105902
105494
105316
106280
105804
106328
106434
106362
105894
106154
105968
106802
106766
106662
106160
106748
106852
106220
106216
106202
106544
105834
106672
106316
106684
106024
106746
106876
106466
106122
105874
106254
106288
106162
105186
105374
105828
106368
105778
105628
106108
106714
106524
105712
106242
106242
106098
107020
106886
106734
106848
106490
106956
105766
106026
105862
106778
106264
106476
106054
106514
106518
106818
106610
106002
106644
106462
106342
106698
106456
107196
106586
106516
106484
106562
105974
106170
106322
106216
106224
105508
104920
105880
105900
105922
105726
106266
105468
106164
105426
104772
105160
105348
105020
105884
105984
105996
106652
106220
105996
106374
106044
107146
106862
106074
105616
105714
105596
105750
105050
105966
106350
106256
106142
105688
106172
105934
106224
106924
107010
106682
106550
106246
105458
105930
105888
106066
106178
106924
106538
106244
106406
105900
105146
105380
105740
105824
105934
105854
105592
105364
106228
105444
106098
105364
105560
105364
106202
106316
105988
106626
106576
106476
105350
105426
105998
106470
107082
106546
106266
105994
105834
106334
106878
106728
106806
106448
106790
107320
106282
106220
107318
106926
107442
106840
107348
107168
107228
106914
106750
106876
106516
106758
106848
106720
107162
107634
107274
106968
106104
107094
107084
107208
107532
107766
106896
106968
107086
106706
107000
107148
106884
106948
107126
106800
106822
106986
106386
105998
106250
107088
106986
106320
106590
106622
106636
106764
107514
107116
106596
106202
105958
106254
106968
106852
106432
106460
106712
106500
106478
106862
106614
106900
106614
106644
106944
106444
107070
106746
106342
106934
107680
106552
107176
106474
106960
106496
106878
107150
108054
107652
107478
107044
107270
106722
107478
107330
107424
107132
107648
107352
107652
106984
107406
107524
107622
107152
107074
106984
107406
107650
107528
107138
107406
106998
